0.0    0.0
93.0    -1.0
193.0    -5.0
289.0    -10.0
95.0    -3.0
188.0    -4.0
288.0    -8.0
387.0    -15.0
384.0    -13.0
483.0    -20.0
572.0    -25.0
672.0    -33.0
480.0    -19.0
579.0    -26.0
768.0    -39.0
867.0    -48.0
275.0    -7.0
375.0    -11.0
474.0    -18.0
471.0    -16.0
571.0    -24.0
560.0    -21.0
570.0    -23.0
670.0    -31.0
769.0    -40.0
659.0    -28.0
759.0    -36.0
858.0    -45.0
567.0    -22.0
667.0    -30.0
656.0    -27.0
756.0    -35.0
666.0    -29.0
766.0    -37.0
865.0    -46.0
960.0    -55.0
755.0    -34.0
855.0    -42.0
944.0    -50.0
954.0    -51.0
1043.0    -59.0
1049.0    -60.0
1138.0    -68.0
1152.0    -73.0
1247.0    -82.0
1336.0    -90.0
1227.0    -77.0
1313.0    -86.0
1239.0    -80.0
1328.0    -88.0
1437.0    -102.0
1526.0    -110.0
1417.0    -97.0
1503.0    -106.0
1615.0    -119.0
1701.0    -128.0
1529.0    -114.0
1618.0    -122.0
1707.0    -131.0
1793.0    -140.0
1878.0    -152.0
1583.0    -116.0
1781.0    -138.0
1873.0    -150.0
1958.0    -162.0
2036.0    -174.0
1622.0    -124.0
1711.0    -133.0
1797.0    -142.0
1714.0    -136.0
1803.0    -145.0
1889.0    -154.0
1982.0    -171.0
1976.0    -168.0
1974.0    -166.0
2067.0    -183.0
2061.0    -180.0
1893.0    -160.0
1979.0    -169.0
2072.0    -186.0
2064.0    -181.0
2157.0    -198.0
2151.0    -195.0
2068.0    -184.0
2161.0    -201.0
2153.0    -196.0
2246.0    -213.0
2240.0    -210.0
2333.0    -227.0
1894.0    -161.0
1980.0    -170.0
2073.0    -187.0
2065.0    -182.0
2158.0    -199.0
2070.0    -185.0
2250.0    -216.0
2155.0    -197.0
2248.0    -214.0
2242.0    -211.0
2335.0    -228.0
2339.0    -231.0
2337.0    -229.0
2331.0    -226.0
2424.0    -243.0
2338.0    -230.0
2425.0    -244.0
2429.0    -247.0
2427.0    -245.0
2421.0    -242.0
2514.0    -259.0
2600.0    -279.0
2598.0    -275.0
2684.0    -295.0
1969.0    -164.0
2056.0    -178.0
2054.0    -176.0
2147.0    -193.0
2141.0    -190.0
2132.0    -188.0
2219.0    -202.0
2059.0    -179.0
2144.0    -191.0
2237.0    -208.0
2231.0    -205.0
2222.0    -203.0
2309.0    -217.0
2148.0    -194.0
2233.0    -206.0
2326.0    -223.0
2320.0    -220.0
2413.0    -237.0
2311.0    -218.0
2404.0    -235.0
2398.0    -232.0
2491.0    -249.0
2145.0    -192.0
2238.0    -209.0
2223.0    -204.0
2235.0    -207.0
2328.0    -224.0
2322.0    -221.0
2415.0    -238.0
2313.0    -219.0
2400.0    -233.0
2493.0    -250.0
2419.0    -241.0
2417.0    -239.0
2411.0    -236.0
2504.0    -253.0
2495.0    -251.0
2489.0    -248.0
2582.0    -265.0
2418.0    -240.0
2505.0    -254.0
2583.0    -266.0
2509.0    -257.0
2507.0    -255.0
2501.0    -252.0
2594.0    -269.0
2680.0    -289.0
2585.0    -267.0
2579.0    -264.0
2672.0    -281.0
2758.0    -301.0
2678.0    -285.0
2764.0    -305.0
2663.0    -280.0
2739.0    -296.0
2756.0    -297.0
2842.0    -317.0
2832.0    -313.0
2918.0    -333.0
2848.0    -327.0
2926.0    -339.0
3002.0    -355.0
3009.0    -362.0
3092.0    -388.0
3085.0    -378.0
3168.0    -404.0
3008.0    -361.0
3084.0    -377.0
3091.0    -384.0
3174.0    -410.0
3167.0    -400.0
3250.0    -426.0
3325.0    -450.0
2813.0    -312.0
2906.0    -329.0
2992.0    -349.0
3076.0    -371.0
3159.0    -394.0
3242.0    -420.0
3158.0    -393.0
3241.0    -416.0
3324.0    -442.0
2979.0    -347.0
3065.0    -367.0
3149.0    -389.0
3232.0    -412.0
3315.0    -438.0
3231.0    -411.0
3314.0    -434.0
3397.0    -460.0
3316.0    -440.0
3399.0    -466.0
3389.0    -458.0
3472.0    -484.0
3457.0    -482.0
3540.0    -508.0
3331.0    -452.0
3406.0    -476.0
3482.0    -507.0
3405.0    -468.0
3481.0    -499.0
3478.0    -486.0
3554.0    -517.0
3480.0    -492.0
3556.0    -523.0
3630.0    -553.0
3631.0    -557.0
3705.0    -587.0
3553.0    -510.0
3627.0    -540.0
3624.0    -538.0
3698.0    -568.0
3629.0    -541.0
3703.0    -571.0
3704.0    -575.0
3778.0    -605.0
3700.0    -569.0
3774.0    -599.0
3849.0    -633.0
3621.0    -534.0
3695.0    -564.0
3692.0    -562.0
3766.0    -592.0
3697.0    -565.0
3771.0    -595.0
3846.0    -629.0
3768.0    -593.0
3842.0    -623.0
3917.0    -657.0
3685.0    -561.0
3756.0    -589.0
3830.0    -619.0
3832.0    -620.0
3906.0    -650.0
3777.0    -603.0
3852.0    -637.0
3848.0    -631.0
3923.0    -665.0
3994.0    -698.0
3845.0    -627.0
3920.0    -661.0
3916.0    -655.0
3987.0    -688.0
3991.0    -689.0
4062.0    -722.0
3757.0    -590.0
3907.0    -651.0
3821.0    -617.0
3895.0    -647.0
3971.0    -678.0
3981.0    -683.0
3980.0    -681.0
4055.0    -715.0
3968.0    -677.0
4044.0    -708.0
4132.0    -756.0
4202.0    -795.0
4054.0    -713.0
4129.0    -747.0
4200.0    -780.0
4270.0    -819.0
4266.0    -812.0
4336.0    -851.0
4118.0    -740.0
4193.0    -774.0
4264.0    -807.0
4334.0    -846.0
4330.0    -839.0
4400.0    -878.0
4045.0    -709.0
4120.0    -743.0
3959.0    -675.0
4033.0    -705.0
4035.0    -706.0
4109.0    -736.0
4184.0    -770.0
4170.0    -767.0
4119.0    -741.0
4194.0    -775.0
4265.0    -808.0
4335.0    -847.0
4331.0    -840.0
4401.0    -879.0
4183.0    -768.0
4254.0    -801.0
4249.0    -800.0
4320.0    -833.0
4258.0    -802.0
4329.0    -835.0
4399.0    -874.0
4324.0    -834.0
4395.0    -867.0
4465.0    -906.0
4530.0    -945.0
4244.0    -799.0
4315.0    -832.0
4310.0    -831.0
4381.0    -864.0
4390.0    -866.0
4460.0    -905.0
4385.0    -865.0
4456.0    -898.0
4526.0    -937.0
4591.0    -976.0
4457.0    -900.0
4527.0    -939.0
4592.0    -978.0
4443.0    -897.0
4501.0    -930.0
4518.0    -931.0
4588.0    -970.0
4653.0    -1009.0
4576.0    -964.0
4646.0    -1003.0
4711.0    -1042.0
4633.0    -998.0
4703.0    -1037.0
4768.0    -1076.0
4634.0    -1000.0
4704.0    -1039.0
4769.0    -1078.0
4691.0    -1034.0
4761.0    -1073.0
4826.0    -1112.0
4749.0    -1071.0
4819.0    -1110.0
4884.0    -1149.0
4337.0    -862.0
4403.0    -894.0
4467.0    -921.0
4402.0    -890.0
4468.0    -922.0
4533.0    -961.0
4466.0    -917.0
4532.0    -949.0
4597.0    -988.0
4593.0    -980.0
4658.0    -1019.0
4594.0    -982.0
4659.0    -1021.0
4655.0    -1013.0
4720.0    -1052.0
4713.0    -1046.0
4778.0    -1085.0
4770.0    -1080.0
4835.0    -1119.0
4721.0    -1065.0
4782.0    -1096.0
4840.0    -1129.0
4836.0    -1121.0
4893.0    -1155.0
4951.0    -1192.0
4898.0    -1165.0
4714.0    -1048.0
4772.0    -1081.0
4829.0    -1115.0
4830.0    -1117.0
4888.0    -1154.0
4887.0    -1151.0
4945.0    -1188.0
4999.0    -1228.0
5006.0    -1230.0
4998.0    -1227.0
5052.0    -1267.0
5059.0    -1269.0
5113.0    -1309.0
5104.0    -1308.0
5165.0    -1350.0
5153.0    -1349.0
5214.0    -1391.0
4781.0    -1091.0
4842.0    -1133.0
4839.0    -1124.0
4900.0    -1166.0
4896.0    -1158.0
4957.0    -1200.0
4843.0    -1135.0
4904.0    -1177.0
4901.0    -1168.0
4962.0    -1210.0
5019.0    -1244.0
4963.0    -1226.0
5021.0    -1259.0
4897.0    -1160.0
4955.0    -1197.0
4954.0    -1194.0
5015.0    -1236.0
5012.0    -1231.0
5066.0    -1271.0
5073.0    -1273.0
5127.0    -1313.0
5065.0    -1270.0
5119.0    -1310.0
5126.0    -1312.0
5180.0    -1352.0
5171.0    -1351.0
5232.0    -1393.0
4959.0    -1204.0
5020.0    -1246.0
5017.0    -1241.0
5078.0    -1283.0
5016.0    -1238.0
5077.0    -1280.0
5074.0    -1275.0
5128.0    -1315.0
5135.0    -1317.0
5189.0    -1357.0
5181.0    -1354.0
5188.0    -1356.0
5242.0    -1396.0
5233.0    -1395.0
5294.0    -1437.0
5079.0    -1295.0
5137.0    -1332.0
5136.0    -1329.0
5194.0    -1366.0
5248.0    -1406.0
5247.0    -1405.0
5301.0    -1445.0
5353.0    -1486.0
5220.0    -1392.0
5281.0    -1434.0
5282.0    -1436.0
5343.0    -1478.0
5402.0    -1527.0
5195.0    -1381.0
5252.0    -1415.0
5306.0    -1455.0
5305.0    -1454.0
5359.0    -1494.0
5412.0    -1545.0
5411.0    -1535.0
5464.0    -1586.0
5307.0    -1468.0
5361.0    -1508.0
5360.0    -1507.0
5414.0    -1547.0
5467.0    -1598.0
5466.0    -1588.0
5519.0    -1639.0
5460.0    -1576.0
5515.0    -1629.0
5346.0    -1481.0
5405.0    -1530.0
5395.0    -1522.0
5454.0    -1571.0
5438.0    -1569.0
5497.0    -1618.0
5446.0    -1570.0
5505.0    -1619.0
5489.0    -1617.0
5548.0    -1666.0
5463.0    -1579.0
5516.0    -1630.0
5518.0    -1632.0
5571.0    -1683.0
5623.0    -1734.0
5512.0    -1620.0
5565.0    -1671.0
5567.0    -1673.0
5620.0    -1724.0
5672.0    -1775.0
5555.0    -1667.0
5514.0    -1627.0
5569.0    -1680.0
5622.0    -1731.0
5674.0    -1782.0
5724.0    -1837.0
5563.0    -1668.0
5609.0    -1717.0
5616.0    -1719.0
5662.0    -1768.0
5668.0    -1770.0
5618.0    -1721.0
5671.0    -1772.0
5723.0    -1823.0
5773.0    -1878.0
5769.0    -1872.0
5819.0    -1927.0
5772.0    -1874.0
5822.0    -1929.0
5818.0    -1923.0
5868.0    -1978.0
5606.0    -1715.0
5652.0    -1764.0
5659.0    -1766.0
5705.0    -1815.0
5711.0    -1817.0
5757.0    -1866.0
5806.0    -1917.0
5714.0    -1819.0
5766.0    -1870.0
5812.0    -1919.0
5862.0    -1974.0
5815.0    -1921.0
5865.0    -1976.0
5861.0    -1970.0
5911.0    -2025.0
5935.0    -2084.0
5929.0    -2083.0
5774.0    -1894.0
5823.0    -1935.0
5869.0    -1984.0
5949.0    -2104.0
5872.0    -1986.0
5918.0    -2035.0
5944.0    -2086.0
5912.0    -2031.0
5947.0    -2088.0
5915.0    -2033.0
5952.0    -2177.0
5950.0    -2174.0
