0.0    0.0
97.0    -1.0
100.0    -2.0
197.0    -3.0
290.0    -5.0
297.0    -6.0
390.0    -8.0
490.0    -14.0
487.0    -13.0
587.0    -19.0
683.0    -25.0
777.0    -31.0
678.0    -24.0
479.0    -11.0
579.0    -17.0
576.0    -16.0
667.0    -21.0
757.0    -26.0
676.0    -22.0
772.0    -28.0
866.0    -34.0
767.0    -27.0
863.0    -33.0
957.0    -39.0
857.0    -32.0
953.0    -38.0
1047.0    -44.0
1231.0    -56.0
1318.0    -62.0
773.0    -29.0
869.0    -35.0
963.0    -41.0
960.0    -40.0
1054.0    -46.0
1050.0    -45.0
1144.0    -51.0
1328.0    -63.0
1415.0    -69.0
775.0    -30.0
871.0    -36.0
965.0    -42.0
1056.0    -47.0
1330.0    -64.0
1417.0    -70.0
872.0    -37.0
968.0    -43.0
1062.0    -49.0
1059.0    -48.0
1153.0    -54.0
1337.0    -66.0
1531.0    -82.0
1627.0    -91.0
1149.0    -53.0
1243.0    -59.0
1427.0    -71.0
1514.0    -77.0
1437.0    -75.0
1533.0    -84.0
1621.0    -87.0
1708.0    -93.0
1717.0    -96.0
1804.0    -102.0
1711.0    -95.0
1798.0    -101.0
1886.0    -109.0
1807.0    -104.0
1894.0    -110.0
1982.0    -118.0
1971.0    -117.0
2054.0    -125.0
2067.0    -126.0
2150.0    -134.0
1984.0    -119.0
2072.0    -127.0
2157.0    -135.0
2240.0    -143.0
2327.0    -152.0
1628.0    -92.0
1718.0    -97.0
1805.0    -103.0
1814.0    -106.0
1901.0    -112.0
1996.0    -123.0
1808.0    -105.0
1895.0    -111.0
1904.0    -114.0
1991.0    -120.0
2086.0    -131.0
2079.0    -128.0
2164.0    -136.0
2247.0    -144.0
2081.0    -129.0
2169.0    -137.0
2264.0    -148.0
2254.0    -145.0
2337.0    -153.0
2424.0    -162.0
2088.0    -132.0
1908.0    -116.0
1995.0    -122.0
2090.0    -133.0
2085.0    -130.0
2180.0    -141.0
2173.0    -138.0
2268.0    -149.0
2258.0    -146.0
2353.0    -157.0
2175.0    -139.0
2263.0    -147.0
2358.0    -158.0
2348.0    -155.0
2443.0    -166.0
2431.0    -163.0
2526.0    -174.0
2350.0    -156.0
2435.0    -164.0
2530.0    -175.0
2518.0    -172.0
2613.0    -183.0
2182.0    -142.0
2365.0    -161.0
2272.0    -151.0
2360.0    -159.0
2455.0    -170.0
2540.0    -178.0
2542.0    -179.0
2627.0    -187.0
2710.0    -195.0
2437.0    -165.0
2520.0    -173.0
2607.0    -182.0
2702.0    -193.0
2689.0    -192.0
2784.0    -203.0
2544.0    -180.0
2629.0    -188.0
2799.0    -205.0
2881.0    -215.0
2451.0    -169.0
2536.0    -177.0
2706.0    -194.0
2548.0    -181.0
2633.0    -189.0
2730.0    -202.0
2635.0    -190.0
2720.0    -198.0
2817.0    -211.0
2910.0    -223.0
2803.0    -206.0
2900.0    -219.0
2993.0    -231.0
2795.0    -204.0
2877.0    -214.0
2722.0    -199.0
2819.0    -212.0
2805.0    -207.0
2821.0    -213.0
2809.0    -208.0
2906.0    -221.0
2999.0    -233.0
2892.0    -216.0
2985.0    -228.0
2989.0    -229.0
3082.0    -241.0
3076.0    -240.0
3173.0    -253.0
2974.0    -226.0
3067.0    -238.0
3071.0    -239.0
3164.0    -251.0
3158.0    -250.0
3255.0    -263.0
3005.0    -236.0
3088.0    -244.0
3099.0    -249.0
3182.0    -257.0
3285.0    -275.0
3368.0    -283.0
3552.0    -311.0
3736.0    -343.0
3007.0    -237.0
3001.0    -234.0
3094.0    -246.0
3084.0    -242.0
3177.0    -254.0
3185.0    -258.0
3268.0    -266.0
3166.0    -252.0
3259.0    -264.0
3350.0    -276.0
3189.0    -260.0
3272.0    -268.0
3280.0    -272.0
3363.0    -280.0
3354.0    -278.0
3445.0    -290.0
3192.0    -262.0
3275.0    -270.0
3095.0    -247.0
3188.0    -259.0
3178.0    -255.0
3271.0    -267.0
3279.0    -271.0
3362.0    -279.0
3260.0    -265.0
3353.0    -277.0
3444.0    -289.0
3452.0    -292.0
3534.0    -302.0
3370.0    -284.0
3283.0    -273.0
3366.0    -281.0
3377.0    -288.0
3460.0    -296.0
3374.0    -285.0
3457.0    -293.0
3468.0    -300.0
3551.0    -308.0
3735.0    -340.0
3827.0    -357.0
3448.0    -291.0
3539.0    -303.0
3633.0    -318.0
3817.0    -350.0
3909.0    -367.0
3554.0    -312.0
3464.0    -298.0
3547.0    -306.0
3558.0    -313.0
3641.0    -321.0
3825.0    -353.0
3917.0    -370.0
3629.0    -316.0
3723.0    -331.0
3907.0    -363.0
3999.0    -380.0
4088.0    -399.0
3729.0    -336.0
3913.0    -368.0
4005.0    -385.0
4181.0    -417.0
4268.0    -434.0
3811.0    -346.0
3995.0    -378.0
4087.0    -395.0
4263.0    -427.0
4350.0    -444.0
4091.0    -400.0
4267.0    -432.0
4354.0    -449.0
3897.0    -361.0
4081.0    -393.0
4173.0    -410.0
4257.0    -425.0
4349.0    -442.0
4436.0    -459.0
4176.0    -414.0
4352.0    -446.0
4439.0    -463.0
4356.0    -451.0
4438.0    -461.0
4525.0    -478.0
4610.0    -495.0
4611.0    -498.0
4696.0    -515.0
3612.0    -315.0
3707.0    -329.0
3801.0    -344.0
3985.0    -376.0
3889.0    -359.0
4073.0    -391.0
4165.0    -408.0
4341.0    -440.0
3975.0    -374.0
4159.0    -406.0
4251.0    -423.0
4335.0    -438.0
4427.0    -455.0
4515.0    -472.0
4602.0    -489.0
4687.0    -506.0
4683.0    -505.0
4691.0    -508.0
4776.0    -525.0
4863.0    -547.0
4860.0    -543.0
4947.0    -565.0
4772.0    -524.0
4857.0    -541.0
4941.0    -559.0
5028.0    -581.0
4862.0    -545.0
4949.0    -567.0
4948.0    -566.0
4946.0    -563.0
5033.0    -585.0
5032.0    -584.0
4943.0    -561.0
5030.0    -583.0
5029.0    -582.0
5027.0    -579.0
5114.0    -601.0
5113.0    -600.0
5200.0    -622.0
4141.0    -404.0
4325.0    -436.0
4501.0    -468.0
4593.0    -485.0
4680.0    -502.0
4765.0    -519.0
4582.0    -484.0
4674.0    -501.0
4761.0    -518.0
4846.0    -535.0
4930.0    -553.0
4769.0    -521.0
4854.0    -538.0
4938.0    -556.0
5025.0    -578.0
4850.0    -537.0
4935.0    -554.0
5019.0    -572.0
5106.0    -594.0
4940.0    -558.0
5024.0    -576.0
5111.0    -598.0
5110.0    -597.0
5197.0    -619.0
5021.0    -574.0
5108.0    -596.0
5107.0    -595.0
5194.0    -617.0
5105.0    -592.0
5192.0    -614.0
5191.0    -613.0
5278.0    -635.0
5279.0    -639.0
5187.0    -612.0
5274.0    -634.0
5273.0    -633.0
5360.0    -655.0
5363.0    -658.0
5445.0    -678.0
4660.0    -500.0
4752.0    -517.0
4839.0    -534.0
4924.0    -551.0
5008.0    -569.0
5013.0    -570.0
5097.0    -588.0
5184.0    -610.0
4998.0    -568.0
5082.0    -586.0
5156.0    -604.0
5087.0    -587.0
5171.0    -605.0
5245.0    -623.0
5099.0    -590.0
5185.0    -611.0
5183.0    -608.0
5270.0    -630.0
5269.0    -629.0
5356.0    -651.0
5265.0    -628.0
5352.0    -650.0
5351.0    -649.0
5438.0    -671.0
5257.0    -625.0
5344.0    -647.0
5343.0    -646.0
5430.0    -668.0
5331.0    -643.0
5417.0    -664.0
5504.0    -686.0
5339.0    -645.0
5426.0    -667.0
5425.0    -666.0
5512.0    -688.0
5413.0    -663.0
5499.0    -684.0
5586.0    -706.0
5441.0    -674.0
5523.0    -694.0
5515.0    -691.0
5597.0    -711.0
5671.0    -729.0
5397.0    -661.0
5590.0    -709.0
5483.0    -681.0
5569.0    -702.0
5656.0    -724.0
5577.0    -704.0
5664.0    -726.0
5565.0    -701.0
5652.0    -723.0
5651.0    -722.0
5738.0    -744.0
5675.0    -732.0
5741.0    -747.0
5749.0    -749.0
5823.0    -767.0
5739.0    -746.0
5640.0    -721.0
5714.0    -741.0
5727.0    -743.0
5801.0    -763.0
5726.0    -742.0
5800.0    -762.0
5813.0    -764.0
5887.0    -784.0
5858.0    -781.0
5945.0    -803.0
5944.0    -802.0
6031.0    -824.0
5824.0    -769.0
5898.0    -787.0
5972.0    -807.0
6116.0    -847.0
5525.0    -700.0
5607.0    -720.0
5681.0    -737.0
5755.0    -755.0
5759.0    -758.0
5833.0    -775.0
5907.0    -793.0
5908.0    -795.0
5982.0    -813.0
6056.0    -833.0
6200.0    -873.0
6356.0    -931.0
5600.0    -716.0
5815.0    -766.0
5752.0    -754.0
5826.0    -771.0
5900.0    -789.0
5890.0    -786.0
5964.0    -806.0
6108.0    -846.0
6180.0    -868.0
6249.0    -890.0
5901.0    -791.0
5975.0    -809.0
6049.0    -829.0
6193.0    -869.0
6265.0    -891.0
6334.0    -913.0
5836.0    -780.0
5910.0    -797.0
5984.0    -815.0
5911.0    -800.0
5985.0    -817.0
6059.0    -835.0
6133.0    -855.0
6277.0    -895.0
6433.0    -953.0
6511.0    -984.0
6349.0    -917.0
6420.0    -943.0
6505.0    -975.0
6583.0    -1006.0
6576.0    -1001.0
6418.0    -939.0
6489.0    -965.0
6574.0    -997.0
6652.0    -1028.0
6645.0    -1023.0
6509.0    -983.0
6587.0    -1014.0
6581.0    -1005.0
6659.0    -1036.0
6650.0    -1027.0
6728.0    -1058.0
6589.0    -1016.0
6661.0    -1038.0
6730.0    -1060.0
6737.0    -1068.0
6806.0    -1090.0
6558.0    -991.0
6714.0    -1049.0
6762.0    -1069.0
6829.0    -1095.0
6918.0    -1127.0
6985.0    -1153.0
6208.0    -883.0
6352.0    -923.0
6508.0    -981.0
6586.0    -1012.0
6424.0    -945.0
6580.0    -1003.0
6658.0    -1034.0
6655.0    -1032.0
6733.0    -1063.0
6493.0    -967.0
6564.0    -993.0
6649.0    -1025.0
6727.0    -1056.0
6720.0    -1051.0
6798.0    -1082.0
6724.0    -1054.0
6802.0    -1085.0
6795.0    -1080.0
6873.0    -1111.0
6584.0    -1011.0
6662.0    -1042.0
6656.0    -1033.0
6734.0    -1064.0
6731.0    -1062.0
6809.0    -1093.0
6725.0    -1055.0
6803.0    -1086.0
6796.0    -1081.0
6874.0    -1112.0
6800.0    -1084.0
6878.0    -1115.0
6871.0    -1110.0
6949.0    -1141.0
6736.0    -1066.0
6807.0    -1092.0
6882.0    -1121.0
6805.0    -1088.0
6876.0    -1114.0
6880.0    -1117.0
6951.0    -1143.0
6883.0    -1122.0
6881.0    -1118.0
6952.0    -1144.0
6956.0    -1147.0
7027.0    -1173.0
7030.0    -1178.0
7101.0    -1204.0
6792.0    -1079.0
6945.0    -1139.0
6868.0    -1109.0
6946.0    -1140.0
7021.0    -1169.0
7023.0    -1171.0
6953.0    -1146.0
7024.0    -1172.0
7028.0    -1175.0
7099.0    -1201.0
7102.0    -1206.0
7173.0    -1232.0
7171.0    -1230.0
7174.0    -1235.0
7245.0    -1261.0
7316.0    -1290.0
6633.0    -1019.0
6789.0    -1077.0
6864.0    -1106.0
6942.0    -1137.0
6865.0    -1107.0
6940.0    -1136.0
7018.0    -1167.0
6837.0    -1097.0
6904.0    -1123.0
6993.0    -1155.0
7060.0    -1181.0
7068.0    -1184.0
7146.0    -1215.0
7135.0    -1210.0
7213.0    -1241.0
7069.0    -1185.0
7136.0    -1211.0
7144.0    -1214.0
7222.0    -1245.0
7211.0    -1240.0
7289.0    -1271.0
7096.0    -1199.0
7300.0    -1277.0
7367.0    -1303.0
6705.0    -1047.0
6861.0    -1105.0
6936.0    -1134.0
7014.0    -1165.0
6937.0    -1135.0
7015.0    -1166.0
7012.0    -1164.0
7090.0    -1195.0
6909.0    -1125.0
6976.0    -1151.0
7038.0    -1179.0
7065.0    -1183.0
7132.0    -1209.0
7194.0    -1237.0
7140.0    -1212.0
7218.0    -1243.0
7207.0    -1238.0
7285.0    -1269.0
7269.0    -1266.0
7141.0    -1213.0
7219.0    -1244.0
7208.0    -1239.0
7286.0    -1270.0
7216.0    -1242.0
7294.0    -1273.0
7283.0    -1268.0
7361.0    -1299.0
7092.0    -1197.0
7168.0    -1227.0
7242.0    -1258.0
7296.0    -1275.0
7363.0    -1301.0
7372.0    -1305.0
7439.0    -1331.0
7446.0    -1336.0
7513.0    -1362.0
7162.0    -1224.0
7290.0    -1272.0
7279.0    -1267.0
7357.0    -1298.0
7341.0    -1295.0
7350.0    -1296.0
7428.0    -1327.0
7412.0    -1324.0
7418.0    -1325.0
7496.0    -1356.0
7480.0    -1353.0
7558.0    -1384.0
7543.0    -1382.0
7604.0    -1411.0
7366.0    -1302.0
7355.0    -1297.0
7433.0    -1328.0
7426.0    -1326.0
7504.0    -1357.0
7488.0    -1354.0
7566.0    -1385.0
7494.0    -1355.0
7572.0    -1386.0
7556.0    -1383.0
7634.0    -1414.0
7635.0    -1415.0
7619.0    -1412.0
7697.0    -1443.0
7680.0    -1441.0
7758.0    -1472.0
7440.0    -1333.0
7507.0    -1359.0
7578.0    -1388.0
7640.0    -1416.0
7646.0    -1417.0
7708.0    -1445.0
7771.0    -1474.0
7832.0    -1503.0
7240.0    -1256.0
7311.0    -1285.0
7314.0    -1287.0
7385.0    -1316.0
7444.0    -1334.0
7511.0    -1360.0
7515.0    -1363.0
7582.0    -1389.0
7650.0    -1418.0
7712.0    -1446.0
7713.0    -1447.0
7775.0    -1475.0
7518.0    -1365.0
7585.0    -1391.0
7589.0    -1394.0
7656.0    -1420.0
7718.0    -1448.0
7657.0    -1423.0
7724.0    -1449.0
7786.0    -1477.0
7787.0    -1478.0
7849.0    -1506.0
7910.0    -1535.0
7622.0    -1413.0
7700.0    -1444.0
7685.0    -1442.0
7763.0    -1473.0
7746.0    -1471.0
7824.0    -1502.0
7809.0    -1501.0
7887.0    -1532.0
7837.0    -1504.0
7898.0    -1533.0
7961.0    -1563.0
7778.0    -1476.0
7841.0    -1505.0
7902.0    -1534.0
7965.0    -1564.0
7790.0    -1479.0
7852.0    -1507.0
7853.0    -1508.0
7915.0    -1536.0
7976.0    -1565.0
7916.0    -1538.0
7978.0    -1566.0
8039.0    -1595.0
8081.0    -1625.0
8159.0    -1657.0
8218.0    -1688.0
7246.0    -1265.0
7318.0    -1294.0
7389.0    -1323.0
7387.0    -1320.0
7458.0    -1349.0
7591.0    -1398.0
7658.0    -1424.0
7662.0    -1427.0
7729.0    -1453.0
7791.0    -1481.0
7664.0    -1432.0
7731.0    -1458.0
7735.0    -1461.0
7802.0    -1487.0
7864.0    -1515.0
7736.0    -1470.0
7807.0    -1499.0
7874.0    -1525.0
7730.0    -1456.0
7797.0    -1482.0
7859.0    -1510.0
7860.0    -1511.0
7922.0    -1539.0
7983.0    -1568.0
7803.0    -1490.0
7870.0    -1516.0
7932.0    -1544.0
7933.0    -1545.0
7995.0    -1573.0
8056.0    -1602.0
7875.0    -1528.0
7942.0    -1554.0
8004.0    -1582.0
8013.0    -1593.0
7805.0    -1498.0
7872.0    -1524.0
7944.0    -1562.0
7940.0    -1553.0
8012.0    -1591.0
8075.0    -1620.0
7863.0    -1512.0
7925.0    -1540.0
7926.0    -1541.0
7988.0    -1569.0
8049.0    -1598.0
8114.0    -1631.0
7989.0    -1571.0
8051.0    -1599.0
8112.0    -1628.0
8177.0    -1661.0
7936.0    -1546.0
8001.0    -1579.0
8002.0    -1580.0
7998.0    -1574.0
8063.0    -1607.0
7999.0    -1575.0
8065.0    -1609.0
8061.0    -1603.0
8126.0    -1636.0
8127.0    -1637.0
8122.0    -1632.0
8187.0    -1665.0
8062.0    -1605.0
8128.0    -1639.0
8124.0    -1633.0
8189.0    -1666.0
8190.0    -1667.0
8185.0    -1662.0
8250.0    -1695.0
8251.0    -1696.0
8316.0    -1729.0
8008.0    -1584.0
8073.0    -1617.0
8074.0    -1618.0
8070.0    -1612.0
8135.0    -1645.0
8079.0    -1623.0
8071.0    -1613.0
8137.0    -1647.0
8133.0    -1641.0
8198.0    -1674.0
8199.0    -1675.0
8142.0    -1652.0
8208.0    -1686.0
8134.0    -1643.0
8200.0    -1677.0
8196.0    -1671.0
8261.0    -1704.0
8262.0    -1705.0
8257.0    -1700.0
8322.0    -1733.0
8323.0    -1734.0
8388.0    -1767.0
8267.0    -1710.0
8333.0    -1744.0
8328.0    -1739.0
8394.0    -1773.0
8459.0    -1806.0
8454.0    -1803.0
8006.0    -1583.0
8068.0    -1611.0
8131.0    -1640.0
8192.0    -1669.0
8255.0    -1699.0
8320.0    -1732.0
8386.0    -1766.0
8078.0    -1621.0
8143.0    -1654.0
8144.0    -1655.0
8140.0    -1649.0
8141.0    -1650.0
8207.0    -1684.0
8203.0    -1678.0
8268.0    -1711.0
8269.0    -1712.0
8334.0    -1745.0
8264.0    -1707.0
8329.0    -1740.0
8395.0    -1774.0
8274.0    -1717.0
8339.0    -1750.0
8340.0    -1751.0
8405.0    -1784.0
8335.0    -1746.0
8400.0    -1779.0
8466.0    -1813.0
8536.0    -1853.0
8266.0    -1708.0
8331.0    -1741.0
8332.0    -1742.0
8397.0    -1775.0
8327.0    -1737.0
8392.0    -1770.0
8393.0    -1771.0
8460.0    -1808.0
8458.0    -1804.0
8525.0    -1841.0
8275.0    -1719.0
8341.0    -1753.0
8406.0    -1786.0
8337.0    -1747.0
8402.0    -1780.0
8403.0    -1781.0
8470.0    -1818.0
8468.0    -1814.0
8535.0    -1851.0
8398.0    -1776.0
8463.0    -1809.0
8464.0    -1810.0
8531.0    -1847.0
8529.0    -1843.0
8596.0    -1880.0
8407.0    -1787.0
8472.0    -1820.0
8473.0    -1821.0
8538.0    -1854.0
8533.0    -1849.0
8599.0    -1883.0
8666.0    -1920.0
8602.0    -1889.0
8669.0    -1926.0
8524.0    -1840.0
8595.0    -1879.0
8662.0    -1916.0
8604.0    -1890.0
8667.0    -1923.0
8665.0    -1919.0
8732.0    -1956.0
8796.0    -1993.0
8733.0    -1960.0
8799.0    -1996.0
8863.0    -2033.0
8449.0    -1800.0
8521.0    -1838.0
8592.0    -1877.0
8668.0    -1925.0
8729.0    -1954.0
8658.0    -1913.0
8734.0    -1961.0
8728.0    -1953.0
8795.0    -1990.0
8862.0    -2030.0
8926.0    -2067.0
8989.0    -2104.0
8232.0    -1690.0
8297.0    -1723.0
8291.0    -1721.0
8356.0    -1754.0
8305.0    -1724.0
8370.0    -1757.0
8371.0    -1758.0
8436.0    -1791.0
8364.0    -1755.0
8429.0    -1788.0
8430.0    -1789.0
8495.0    -1822.0
8377.0    -1762.0
8442.0    -1795.0
8443.0    -1796.0
8508.0    -1829.0
8579.0    -1868.0
8501.0    -1826.0
8567.0    -1860.0
8638.0    -1899.0
8561.0    -1858.0
8574.0    -1865.0
8633.0    -1896.0
8440.0    -1794.0
8506.0    -1828.0
8565.0    -1859.0
8512.0    -1832.0
8513.0    -1833.0
8578.0    -1866.0
8645.0    -1903.0
8649.0    -1905.0
8716.0    -1942.0
8786.0    -1982.0
8637.0    -1897.0
8704.0    -1934.0
8708.0    -1936.0
8775.0    -1973.0
8631.0    -1895.0
8644.0    -1902.0
8715.0    -1941.0
8782.0    -1978.0
8852.0    -2018.0
8703.0    -1933.0
8774.0    -1972.0
8841.0    -2009.0
8911.0    -2049.0
8916.0    -2055.0
8975.0    -2086.0
8983.0    -2095.0
8558.0    -1856.0
8630.0    -1894.0
8614.0    -1891.0
8624.0    -1892.0
8696.0    -1930.0
8680.0    -1927.0
8752.0    -1965.0
8569.0    -1862.0
8628.0    -1893.0
8641.0    -1900.0
8712.0    -1939.0
8779.0    -1976.0
8849.0    -2016.0
8700.0    -1931.0
8767.0    -1968.0
8771.0    -1970.0
8838.0    -2007.0
8908.0    -2047.0
8684.0    -1928.0
8694.0    -1929.0
8761.0    -1966.0
8778.0    -1975.0
8845.0    -2012.0
8848.0    -2015.0
8915.0    -2052.0
8766.0    -1967.0
8833.0    -2004.0
8837.0    -2006.0
8904.0    -2043.0
8907.0    -2046.0
8974.0    -2083.0
8750.0    -1964.0
8817.0    -2001.0
8822.0    -2002.0
8889.0    -2039.0
8825.0    -2003.0
8979.0    -2089.0
8897.0    -2041.0
8968.0    -2080.0
9031.0    -2117.0
9090.0    -2154.0
9038.0    -2120.0
9101.0    -2157.0
9160.0    -2194.0
8881.0    -2038.0
8944.0    -2075.0
9003.0    -2112.0
9058.0    -2149.0
8953.0    -2076.0
9016.0    -2113.0
9075.0    -2150.0
9130.0    -2187.0
9024.0    -2115.0
9087.0    -2152.0
9146.0    -2189.0
9157.0    -2192.0
9216.0    -2229.0
8982.0    -2092.0
9041.0    -2123.0
9046.0    -2129.0
9109.0    -2166.0
9105.0    -2160.0
9168.0    -2197.0
9224.0    -2232.0
8927.0    -2072.0
8990.0    -2106.0
9053.0    -2143.0
9047.0    -2134.0
9043.0    -2128.0
9032.0    -2119.0
9095.0    -2156.0
9102.0    -2159.0
9165.0    -2196.0
9151.0    -2191.0
9221.0    -2231.0
9110.0    -2168.0
9173.0    -2205.0
9169.0    -2199.0
9232.0    -2236.0
9288.0    -2271.0
9115.0    -2180.0
9227.0    -2233.0
9256.0    -2263.0
9213.0    -2228.0
9272.0    -2265.0
9327.0    -2302.0
9283.0    -2268.0
9342.0    -2305.0
9397.0    -2342.0
9235.0    -2242.0
9294.0    -2273.0
9353.0    -2310.0
9350.0    -2308.0
9409.0    -2345.0
9179.0    -2219.0
9242.0    -2260.0
9291.0    -2272.0
9336.0    -2304.0
9391.0    -2341.0
9347.0    -2307.0
9406.0    -2344.0
9461.0    -2381.0
9299.0    -2281.0
9358.0    -2312.0
9417.0    -2349.0
9362.0    -2322.0
9421.0    -2353.0
9480.0    -2390.0
9414.0    -2347.0
9473.0    -2384.0
9528.0    -2421.0
9536.0    -2425.0
9591.0    -2462.0
9316.0    -2301.0
9332.0    -2303.0
9387.0    -2340.0
9402.0    -2343.0
9457.0    -2380.0
9371.0    -2339.0
9442.0    -2378.0
9512.0    -2418.0
9496.0    -2416.0
9566.0    -2456.0
9469.0    -2383.0
9524.0    -2420.0
9579.0    -2458.0
9633.0    -2496.0
9451.0    -2379.0
9466.0    -2382.0
9521.0    -2419.0
9506.0    -2417.0
9576.0    -2457.0
9560.0    -2455.0
9630.0    -2495.0
9418.0    -2350.0
9477.0    -2387.0
9481.0    -2391.0
9540.0    -2428.0
9474.0    -2385.0
9533.0    -2422.0
9588.0    -2459.0
9643.0    -2497.0
9697.0    -2535.0
9751.0    -2575.0
9537.0    -2426.0
9596.0    -2463.0
9651.0    -2500.0
9706.0    -2538.0
9760.0    -2576.0
9814.0    -2616.0
9763.0    -2579.0
9817.0    -2617.0
9872.0    -2658.0
9871.0    -2657.0
9926.0    -2698.0
9928.0    -2700.0
9983.0    -2741.0
8991.0    -2111.0
9054.0    -2148.0
9174.0    -2210.0
9233.0    -2241.0
9238.0    -2249.0
9297.0    -2280.0
9180.0    -2224.0
9300.0    -2286.0
9359.0    -2317.0
9364.0    -2325.0
9423.0    -2356.0
9482.0    -2393.0
9427.0    -2366.0
9486.0    -2397.0
9545.0    -2434.0
9601.0    -2469.0
9656.0    -2506.0
9428.0    -2369.0
9487.0    -2400.0
9491.0    -2410.0
9550.0    -2441.0
9609.0    -2478.0
9665.0    -2513.0
9720.0    -2550.0
9674.0    -2529.0
9733.0    -2566.0
9789.0    -2601.0
9483.0    -2394.0
9542.0    -2431.0
9546.0    -2435.0
9605.0    -2472.0
9598.0    -2466.0
9653.0    -2503.0
9602.0    -2470.0
9661.0    -2507.0
9716.0    -2544.0
9771.0    -2582.0
9825.0    -2620.0
9879.0    -2660.0
9718.0    -2548.0
9773.0    -2585.0
9828.0    -2623.0
9882.0    -2661.0
9937.0    -2702.0
9936.0    -2701.0
9991.0    -2742.0
9993.0    -2744.0
10048.0    -2785.0
10093.0    -2824.0
10150.0    -2867.0
9488.0    -2407.0
9547.0    -2438.0
9606.0    -2475.0
9551.0    -2448.0
9610.0    -2479.0
9669.0    -2516.0
9662.0    -2510.0
9717.0    -2547.0
9666.0    -2514.0
9725.0    -2551.0
9780.0    -2588.0
9835.0    -2626.0
9889.0    -2664.0
9943.0    -2704.0
9782.0    -2592.0
9837.0    -2629.0
9892.0    -2667.0
9946.0    -2705.0
10001.0    -2746.0
10000.0    -2745.0
10055.0    -2786.0
10057.0    -2788.0
10112.0    -2829.0
10157.0    -2868.0
10214.0    -2911.0
9734.0    -2567.0
9793.0    -2604.0
9850.0    -2645.0
9790.0    -2602.0
9849.0    -2639.0
9904.0    -2676.0
9959.0    -2714.0
10013.0    -2752.0
10067.0    -2792.0
9906.0    -2680.0
9961.0    -2717.0
9963.0    -2723.0
10018.0    -2760.0
10016.0    -2755.0
10071.0    -2796.0
10070.0    -2793.0
10125.0    -2834.0
10073.0    -2798.0
10128.0    -2839.0
10127.0    -2836.0
10182.0    -2877.0
10124.0    -2833.0
10179.0    -2874.0
10181.0    -2876.0
10236.0    -2917.0
10290.0    -2960.0
10293.0    -2963.0
10281.0    -2956.0
10338.0    -2999.0
10392.0    -3042.0
10395.0    -3045.0
10343.0    -3003.0
10445.0    -3085.0
10143.0    -2865.0
10200.0    -2908.0
10254.0    -2951.0
10207.0    -2909.0
10264.0    -2952.0
10318.0    -2995.0
10371.0    -3038.0
10331.0    -2997.0
10388.0    -3040.0
10442.0    -3083.0
10499.0    -3129.0
10495.0    -3126.0
10547.0    -3170.0
10552.0    -3172.0
10604.0    -3216.0
9795.0    -2614.0
9851.0    -2649.0
9796.0    -2615.0
9855.0    -2652.0
9912.0    -2693.0
9852.0    -2650.0
9911.0    -2687.0
9966.0    -2724.0
10021.0    -2762.0
10075.0    -2800.0
10129.0    -2840.0
9968.0    -2728.0
10023.0    -2765.0
10025.0    -2771.0
10080.0    -2808.0
10078.0    -2803.0
10133.0    -2844.0
10132.0    -2841.0
10187.0    -2882.0
10135.0    -2846.0
10190.0    -2887.0
10189.0    -2884.0
10244.0    -2925.0
10186.0    -2881.0
10241.0    -2922.0
10243.0    -2924.0
10298.0    -2965.0
10352.0    -3008.0
10355.0    -3011.0
10400.0    -3047.0
10454.0    -3090.0
10457.0    -3093.0
10511.0    -3136.0
10405.0    -3051.0
10507.0    -3133.0
9971.0    -2735.0
10026.0    -2772.0
10081.0    -2810.0
10028.0    -2776.0
10083.0    -2813.0
10085.0    -2819.0
10140.0    -2856.0
10138.0    -2851.0
10193.0    -2892.0
10192.0    -2889.0
10247.0    -2930.0
10195.0    -2894.0
10250.0    -2935.0
10249.0    -2932.0
10304.0    -2973.0
10246.0    -2929.0
10301.0    -2970.0
10303.0    -2972.0
10358.0    -3013.0
10412.0    -3056.0
10197.0    -2902.0
10252.0    -2940.0
10309.0    -2993.0
10307.0    -2981.0
10364.0    -3034.0
10308.0    -2991.0
10306.0    -2978.0
10363.0    -3031.0
10361.0    -3019.0
10418.0    -3072.0
10417.0    -3070.0
10474.0    -3123.0
10360.0    -3018.0
10415.0    -3059.0
10469.0    -3102.0
10472.0    -3112.0
10526.0    -3155.0
10471.0    -3110.0
10525.0    -3153.0
10528.0    -3163.0
10582.0    -3206.0
10362.0    -3027.0
10419.0    -3080.0
10416.0    -3065.0
10473.0    -3118.0
10470.0    -3105.0
10524.0    -3148.0
10578.0    -3195.0
10527.0    -3158.0
10581.0    -3201.0
10635.0    -3248.0
10580.0    -3199.0
10583.0    -3209.0
10637.0    -3252.0
10514.0    -3138.0
10517.0    -3141.0
10571.0    -3184.0
10626.0    -3230.0
10465.0    -3099.0
10522.0    -3145.0
10579.0    -3198.0
10577.0    -3191.0
10631.0    -3238.0
10634.0    -3244.0
10688.0    -3291.0
10633.0    -3242.0
10687.0    -3289.0
10690.0    -3295.0
10744.0    -3342.0
10629.0    -3235.0
10683.0    -3282.0
10686.0    -3288.0
10740.0    -3335.0
10742.0    -3339.0
10796.0    -3386.0
10567.0    -3181.0
10624.0    -3227.0
10679.0    -3273.0
10733.0    -3320.0
10736.0    -3326.0
10790.0    -3373.0
10735.0    -3324.0
10789.0    -3371.0
10792.0    -3377.0
10846.0    -3424.0
10901.0    -3479.0
10731.0    -3317.0
10785.0    -3364.0
10788.0    -3370.0
10842.0    -3417.0
10787.0    -3368.0
10841.0    -3415.0
10844.0    -3421.0
10898.0    -3468.0
10953.0    -3523.0
10951.0    -3519.0
11006.0    -3574.0
10952.0    -3522.0
10950.0    -3516.0
11005.0    -3571.0
11058.0    -3622.0
11004.0    -3570.0
10450.0    -3088.0
10504.0    -3131.0
10561.0    -3177.0
10557.0    -3174.0
10609.0    -3218.0
10614.0    -3220.0
10666.0    -3264.0
10721.0    -3310.0
10621.0    -3225.0
10617.0    -3222.0
10674.0    -3268.0
10726.0    -3312.0
10729.0    -3314.0
10783.0    -3361.0
10786.0    -3367.0
10840.0    -3414.0
10839.0    -3412.0
10896.0    -3465.0
10781.0    -3358.0
10835.0    -3405.0
10838.0    -3411.0
10892.0    -3458.0
10837.0    -3409.0
10891.0    -3456.0
10894.0    -3462.0
10948.0    -3509.0
11003.0    -3564.0
11001.0    -3560.0
11056.0    -3615.0
11002.0    -3563.0
11057.0    -3618.0
11110.0    -3669.0
10943.0    -3504.0
11000.0    -3557.0
11055.0    -3612.0
11108.0    -3663.0
11054.0    -3611.0
11109.0    -3666.0
11162.0    -3717.0
10421.0    -3081.0
10545.0    -3169.0
10594.0    -3212.0
10597.0    -3213.0
10646.0    -3256.0
10641.0    -3255.0
10693.0    -3299.0
10602.0    -3215.0
10651.0    -3258.0
10654.0    -3259.0
10703.0    -3302.0
10698.0    -3301.0
10750.0    -3345.0
10709.0    -3305.0
10758.0    -3348.0
10805.0    -3391.0
10607.0    -3217.0
10656.0    -3260.0
10659.0    -3261.0
10708.0    -3304.0
10755.0    -3347.0
10664.0    -3263.0
10713.0    -3306.0
10716.0    -3307.0
10765.0    -3350.0
10760.0    -3349.0
10812.0    -3393.0
10768.0    -3352.0
10771.0    -3353.0
10820.0    -3396.0
10867.0    -3439.0
10667.0    -3265.0
10724.0    -3311.0
10773.0    -3354.0
10776.0    -3355.0
10825.0    -3398.0
10872.0    -3441.0
10779.0    -3357.0
10833.0    -3404.0
10889.0    -3455.0
10946.0    -3508.0
10828.0    -3400.0
10882.0    -3447.0
10938.0    -3498.0
10995.0    -3551.0
10831.0    -3401.0
10885.0    -3448.0
10888.0    -3454.0
10942.0    -3501.0
10887.0    -3452.0
10941.0    -3499.0
10944.0    -3505.0
10998.0    -3552.0
11053.0    -3607.0
10880.0    -3444.0
10934.0    -3491.0
10991.0    -3544.0
10936.0    -3495.0
10990.0    -3542.0
11047.0    -3595.0
11102.0    -3650.0
11051.0    -3603.0
11106.0    -3658.0
11100.0    -3646.0
11155.0    -3701.0
10875.0    -3443.0
10927.0    -3487.0
10981.0    -3534.0
11037.0    -3585.0
11094.0    -3638.0
11052.0    -3606.0
11107.0    -3661.0
11160.0    -3712.0
10937.0    -3496.0
10994.0    -3549.0
10993.0    -3547.0
11050.0    -3600.0
11105.0    -3655.0
11101.0    -3648.0
11156.0    -3703.0
10986.0    -3539.0
11043.0    -3592.0
11042.0    -3590.0
11099.0    -3643.0
11154.0    -3698.0
11150.0    -3691.0
11205.0    -3746.0
11103.0    -3651.0
11158.0    -3706.0
11209.0    -3754.0
11152.0    -3694.0
11207.0    -3749.0
11203.0    -3742.0
11258.0    -3797.0
11309.0    -3846.0
11033.0    -3582.0
11089.0    -3633.0
11146.0    -3686.0
11104.0    -3654.0
11159.0    -3709.0
11210.0    -3757.0
11153.0    -3697.0
11208.0    -3752.0
11204.0    -3745.0
11259.0    -3800.0
11157.0    -3705.0
11212.0    -3760.0
11263.0    -3808.0
11206.0    -3748.0
11261.0    -3803.0
11257.0    -3796.0
11312.0    -3851.0
11415.0    -3954.0
11360.0    -3895.0
11365.0    -3906.0
11414.0    -3949.0
11515.0    -4053.0
10799.0    -3390.0
10854.0    -3436.0
10908.0    -3483.0
10903.0    -3482.0
10861.0    -3438.0
10916.0    -3484.0
10970.0    -3531.0
10965.0    -3530.0
11019.0    -3577.0
11014.0    -3576.0
11068.0    -3623.0
11115.0    -3670.0
10929.0    -3489.0
10983.0    -3536.0
11040.0    -3589.0
11039.0    -3587.0
11096.0    -3640.0
10976.0    -3532.0
11030.0    -3579.0
11087.0    -3632.0
11086.0    -3630.0
11143.0    -3683.0
11025.0    -3578.0
11079.0    -3625.0
11074.0    -3624.0
11128.0    -3671.0
11135.0    -3676.0
11192.0    -3729.0
11184.0    -3722.0
11241.0    -3775.0
11035.0    -3584.0
11092.0    -3637.0
11091.0    -3635.0
11148.0    -3688.0
11199.0    -3736.0
11140.0    -3681.0
11201.0    -3739.0
11256.0    -3794.0
11252.0    -3787.0
11307.0    -3842.0
11356.0    -3888.0
11082.0    -3627.0
11139.0    -3680.0
11138.0    -3678.0
11195.0    -3731.0
11133.0    -3675.0
11190.0    -3728.0
11189.0    -3726.0
11246.0    -3779.0
11131.0    -3673.0
11180.0    -3719.0
11187.0    -3724.0
11244.0    -3777.0
11236.0    -3770.0
11293.0    -3823.0
11239.0    -3774.0
11231.0    -3767.0
11288.0    -3820.0
11287.0    -3818.0
11344.0    -3871.0
11280.0    -3815.0
11336.0    -3866.0
11393.0    -3919.0
11248.0    -3782.0
11299.0    -3830.0
11340.0    -3869.0
11397.0    -3922.0
11253.0    -3790.0
11255.0    -3793.0
11310.0    -3848.0
11306.0    -3841.0
11361.0    -3896.0
11353.0    -3884.0
11451.0    -3976.0
11409.0    -3940.0
11458.0    -3986.0
11452.0    -3977.0
11507.0    -4032.0
11333.0    -3865.0
11389.0    -3916.0
11446.0    -3969.0
11501.0    -4024.0
11382.0    -3913.0
11438.0    -3964.0
11495.0    -4017.0
11550.0    -4072.0
11487.0    -4013.0
11401.0    -3928.0
11450.0    -3974.0
11442.0    -3967.0
11499.0    -4020.0
11554.0    -4075.0
11491.0    -4015.0
11548.0    -4068.0
11603.0    -4123.0
11597.0    -4117.0
11605.0    -4128.0
11463.0    -3994.0
11512.0    -4040.0
11561.0    -4086.0
11610.0    -4134.0
11564.0    -4099.0
11513.0    -4046.0
11613.0    -4142.0
11500.0    -4023.0
11555.0    -4078.0
11549.0    -4071.0
11604.0    -4126.0
11598.0    -4120.0
11455.0    -3982.0
11504.0    -4028.0
11559.0    -4083.0
11557.0    -4080.0
11553.0    -4074.0
11608.0    -4129.0
11551.0    -4073.0
11602.0    -4122.0
11611.0    -4137.0
11325.0    -3862.0
11483.0    -4011.0
11532.0    -4060.0
11536.0    -4062.0
11593.0    -4115.0
11585.0    -4111.0
11642.0    -4164.0
11485.0    -4012.0
11542.0    -4065.0
11534.0    -4061.0
11591.0    -4114.0
11538.0    -4063.0
11595.0    -4116.0
11650.0    -4174.0
11644.0    -4165.0
11645.0    -4168.0
11649.0    -4173.0
11636.0    -4161.0
11583.0    -4110.0
11640.0    -4163.0
11632.0    -4159.0
11175.0    -3718.0
11220.0    -3765.0
11227.0    -3766.0
11283.0    -3817.0
11278.0    -3814.0
11329.0    -3863.0
11385.0    -3914.0
11429.0    -3960.0
11434.0    -3962.0
11272.0    -3813.0
11323.0    -3861.0
11372.0    -3909.0
11474.0    -4007.0
11530.0    -4058.0
11523.0    -4056.0
11576.0    -4107.0
11425.0    -3959.0
11589.0    -4112.0
11525.0    -4057.0
11581.0    -4108.0
11468.0    -4006.0
11519.0    -4055.0
11570.0    -4104.0
11628.0    -4158.0
11565.0    -4103.0
11648.0    -4170.0
11563.0    -4093.0
11612.0    -4139.0
11651.0    -4176.0
11653.0    -4178.0
11655.0    -4184.0
11670.0    -4212.0
11673.0    -4218.0
11614.0    -4149.0
11616.0    -4156.0
11659.0    -4199.0
11657.0    -4193.0
11683.0    -4230.0
11681.0    -4228.0
11677.0    -4224.0
11695.0    -4289.0
11697.0    -4298.0
11691.0    -4283.0
11686.0    -4276.0
11688.0    -4280.0
11694.0    -4284.0
