0.0    0.0
99.0    -2.0
198.0    -9.0
185.0    -6.0
284.0    -13.0
187.0    -8.0
286.0    -15.0
273.0    -12.0
372.0    -19.0
463.0    -38.0
287.0    -18.0
373.0    -22.0
375.0    -24.0
461.0    -28.0
552.0    -47.0
549.0    -46.0
640.0    -65.0
542.0    -40.0
620.0    -57.0
633.0    -59.0
711.0    -76.0
630.0    -58.0
708.0    -75.0
721.0    -77.0
799.0    -94.0
728.0    -85.0
809.0    -97.0
887.0    -114.0
960.0    -137.0
1032.0    -162.0
1097.0    -192.0
1159.0    -222.0
1103.0    -195.0
1168.0    -225.0
1230.0    -255.0
1231.0    -258.0
1293.0    -288.0
1233.0    -263.0
1295.0    -293.0
1296.0    -296.0
1358.0    -326.0
1406.0    -376.0
1453.0    -429.0
1494.0    -478.0
1403.0    -375.0
1451.0    -425.0
1444.0    -424.0
1492.0    -474.0
