0.0    0.0
98.0    -1.0
191.0    -2.0
280.0    -3.0
380.0    -7.0
369.0    -6.0
469.0    -10.0
479.0    -11.0
568.0    -14.0
578.0    -16.0
667.0    -19.0
677.0    -22.0
766.0    -25.0
575.0    -15.0
664.0    -18.0
674.0    -20.0
763.0    -23.0
773.0    -26.0
872.0    -36.0
862.0    -29.0
961.0    -39.0
867.0    -34.0
966.0    -44.0
956.0    -37.0
1055.0    -47.0
1147.0    -57.0
1227.0    -67.0
1058.0    -50.0
1063.0    -55.0
1152.0    -58.0
1245.0    -72.0
1155.0    -65.0
1244.0    -68.0
1324.0    -78.0
1337.0    -82.0
1417.0    -92.0
1427.0    -96.0
1507.0    -106.0
1597.0    -125.0
1330.0    -79.0
1410.0    -89.0
1423.0    -93.0
1503.0    -103.0
1513.0    -107.0
1593.0    -117.0
1603.0    -126.0
1683.0    -136.0
1767.0    -157.0
1849.0    -178.0
1490.0    -100.0
1583.0    -114.0
1673.0    -128.0
1753.0    -145.0
1825.0    -163.0
1763.0    -147.0
1847.0    -168.0
1929.0    -189.0
1843.0    -164.0
1927.0    -185.0
2009.0    -206.0
1915.0    -182.0
1999.0    -203.0
2081.0    -224.0
2011.0    -214.0
2091.0    -231.0
2163.0    -249.0
2238.0    -284.0
1986.0    -201.0
2070.0    -222.0
2152.0    -243.0
2234.0    -268.0
2309.0    -303.0
2164.0    -261.0
2236.0    -279.0
2307.0    -298.0
2382.0    -333.0
2452.0    -365.0
2522.0    -405.0
2221.0    -264.0
2303.0    -289.0
2378.0    -324.0
2370.0    -314.0
2445.0    -349.0
2376.0    -319.0
2451.0    -354.0
2443.0    -344.0
2518.0    -379.0
2446.0    -351.0
2521.0    -386.0
2590.0    -421.0
2513.0    -376.0
2574.0    -409.0
2588.0    -411.0
2649.0    -444.0
2657.0    -446.0
2718.0    -479.0
2723.0    -481.0
2784.0    -514.0
2633.0    -443.0
2708.0    -478.0
2777.0    -513.0
2843.0    -548.0
2902.0    -584.0
2591.0    -426.0
2660.0    -461.0
2658.0    -451.0
2727.0    -486.0
2788.0    -519.0
2793.0    -521.0
2854.0    -554.0
2914.0    -598.0
2847.0    -553.0
2913.0    -588.0
2973.0    -632.0
2972.0    -624.0
3026.0    -664.0
3032.0    -668.0
3086.0    -708.0
3202.0    -878.0
3089.0    -717.0
3143.0    -757.0
3197.0    -808.0
