323.0    689.0
634.0    383.0
625.0    394.0
638.0    375.0
650.0    364.0
619.0    396.0
661.0    339.0
657.0    349.0
393.0    629.0
305.0    706.0
503.0    522.0
420.0    605.0
406.0    619.0
339.0    676.0
376.0    647.0
424.0    603.0
395.0    628.0
370.0    652.0
318.0    696.0
418.0    608.0
330.0    687.0
351.0    668.0
303.0    709.0
319.0    690.0
403.0    621.0
337.0    678.0
367.0    656.0
388.0    637.0
315.0    700.0
336.0    681.0
381.0    639.0
359.0    661.0
414.0    609.0
407.0    617.0
462.0    565.0
392.0    633.0
426.0    600.0
344.0    674.0
378.0    643.0
399.0    624.0
356.0    665.0
377.0    646.0
372.0    651.0
427.0    599.0
516.0    512.0
449.0    578.0
435.0    592.0
497.0    534.0
483.0    548.0
383.0    638.0
482.0    550.0
413.0    616.0
447.0    583.0
468.0    564.0
520.0    510.0
484.0    545.0
523.0    507.0
505.0    521.0
508.0    520.0
439.0    588.0
491.0    539.0
476.0    555.0
440.0    587.0
461.0    568.0
432.0    597.0
459.0    572.0
480.0    553.0
514.0    515.0
487.0    542.0
499.0    531.0
451.0    574.0
450.0    577.0
630.0    384.0
618.0    401.0
614.0    411.0
637.0    379.0
628.0    390.0
641.0    371.0
654.0    352.0
658.0    344.0
669.0    319.0
665.0    329.0
594.0    493.0
605.0    480.0
583.0    502.0
