4507.0    12072.0
4542.0    12058.0
4580.0    12036.0
4570.0    12040.0
4389.0    12101.0
4502.0    12075.0
4851.0    11901.0
4804.0    11932.0
4773.0    11948.0
4680.0    12002.0
4714.0    11987.0
4718.0    11983.0
4828.0    11918.0
4781.0    11945.0
4818.0    11924.0
4783.0    11943.0
4768.0    11956.0
4775.0    11947.0
4566.0    12042.0
5152.0    11729.0
4673.0    12006.0
4695.0    11999.0
4573.0    12038.0
5008.0    11820.0
4844.0    11902.0
4865.0    11890.0
4738.0    11973.0
4740.0    11969.0
4798.0    11937.0
4701.0    11994.0
4733.0    11977.0
4728.0    11982.0
5256.0    11668.0
4555.0    12048.0
4560.0    12047.0
4584.0    12033.0
4810.0    11927.0
4568.0    12041.0
4554.0    12051.0
4571.0    12039.0
4226.0    12132.0
4520.0    12070.0
4522.0    12065.0
4561.0    12046.0
4355.0    12118.0
4530.0    12062.0
4508.0    12071.0
4451.0    12093.0
4372.0    12111.0
4336.0    12122.0
4532.0    12061.0
4361.0    12112.0
4328.0    12124.0
4616.0    12024.0
4608.0    12029.0
4620.0    12022.0
4465.0    12090.0
4497.0    12077.0
4492.0    12080.0
4482.0    12084.0
4429.0    12100.0
4341.0    12121.0
4332.0    12123.0
4281.0    12131.0
4321.0    12126.0
4297.0    12130.0
4708.0    11988.0
4772.0    11950.0
4748.0    11967.0
4686.0    12001.0
4667.0    12010.0
4671.0    12007.0
4544.0    12055.0
4503.0    12073.0
5104.0    11761.0
4603.0    12031.0
4663.0    12017.0
5035.0    11799.0
4967.0    11848.0
4706.0    11991.0
4696.0    11998.0
4547.0    12053.0
4583.0    12034.0
4203.0    12135.0
4216.0    12134.0
4223.0    12133.0
4382.0    12102.0
4376.0    12107.0
4301.0    12128.0
7061.0    10330.0
7110.0    10284.0
7126.0    10274.0
6928.0    10435.0
7146.0    10260.0
5204.0    11698.0
5682.0    11377.0
4861.0    11893.0
4793.0    11940.0
4834.0    11913.0
4790.0    11941.0
4839.0    11907.0
5181.0    11713.0
5828.0    11273.0
6100.0    11077.0
5269.0    11659.0
5859.0    11249.0
5586.0    11446.0
5635.0    11400.0
5620.0    11412.0
5424.0    11557.0
5876.0    11240.0
5473.0    11523.0
5249.0    11673.0
5628.0    11408.0
5267.0    11662.0
5264.0    11664.0
5284.0    11653.0
5631.0    11403.0
5546.0    11473.0
5514.0    11502.0
5551.0    11471.0
5603.0    11425.0
5649.0    11391.0
5332.0    11612.0
5377.0    11583.0
5067.0    11782.0
5348.0    11600.0
5600.0    11434.0
5611.0    11424.0
5568.0    11456.0
5366.0    11589.0
5325.0    11620.0
5371.0    11587.0
5340.0    11608.0
5633.0    11401.0
5361.0    11593.0
5385.0    11579.0
5373.0    11584.0
5380.0    11580.0
5391.0    11574.0
5612.0    11421.0
5307.0    11638.0
5615.0    11418.0
5528.0    11485.0
5390.0    11575.0
5070.0    11781.0
5533.0    11481.0
5248.0    11674.0
5279.0    11658.0
5497.0    11512.0
5289.0    11644.0
5357.0    11599.0
5335.0    11610.0
5218.0    11694.0
5225.0    11688.0
5552.0    11468.0
5576.0    11447.0
5618.0    11417.0
4993.0    11827.0
5028.0    11808.0
4959.0    11849.0
5014.0    11813.0
5029.0    11804.0
4973.0    11839.0
5145.0    11736.0
5131.0    11744.0
5084.0    11768.0
5468.0    11527.0
5059.0    11786.0
5012.0    11816.0
5064.0    11784.0
5088.0    11765.0
5217.0    11696.0
4957.0    11851.0
4969.0    11844.0
4946.0    11861.0
5020.0    11809.0
5055.0    11792.0
4835.0    11908.0
5016.0    11811.0
4977.0    11837.0
4982.0    11832.0
5000.0    11822.0
4823.0    11921.0
4755.0    11963.0
4852.0    11896.0
5090.0    11763.0
5114.0    11749.0
5164.0    11727.0
5260.0    11665.0
5322.0    11622.0
5804.0    11293.0
6742.0    10581.0
6765.0    10564.0
6784.0    10551.0
6423.0    10833.0
6093.0    11083.0
6090.0    11089.0
5788.0    11303.0
5770.0    11318.0
5746.0    11335.0
5854.0    11256.0
5775.0    11315.0
5498.0    11510.0
5530.0    11482.0
5434.0    11556.0
5507.0    11505.0
5594.0    11436.0
5286.0    11647.0
5234.0    11683.0
5247.0    11680.0
5826.0    11277.0
5816.0    11287.0
6249.0    10967.0
5691.0    11371.0
5589.0    11443.0
5515.0    11495.0
5520.0    11493.0
5195.0    11703.0
5632.0    11402.0
5721.0    11356.0
5312.0    11632.0
5327.0    11617.0
5652.0    11390.0
5362.0    11592.0
5553.0    11466.0
5238.0    11681.0
5015.0    11812.0
5191.0    11710.0
5184.0    11711.0
5139.0    11738.0
5137.0    11742.0
5130.0    11748.0
5921.0    11209.0
6002.0    11156.0
5701.0    11367.0
5623.0    11411.0
5471.0    11526.0
5477.0    11520.0
5476.0    11522.0
5228.0    11685.0
5499.0    11506.0
5179.0    11715.0
5203.0    11701.0
5093.0    11762.0
4927.0    11863.0
4895.0    11882.0
4898.0    11881.0
4884.0    11889.0
5823.0    11279.0
5544.0    11476.0
5619.0    11414.0
5415.0    11560.0
5439.0    11548.0
5420.0    11559.0
5410.0    11572.0
5411.0    11561.0
5193.0    11704.0
5151.0    11735.0
6262.0    10957.0
5736.0    11346.0
5680.0    11385.0
5758.0    11324.0
5786.0    11305.0
5646.0    11399.0
6760.0    10566.0
6688.0    10629.0
6737.0    10583.0
6670.0    10647.0
6675.0    10643.0
6845.0    10500.0
6378.0    10872.0
6270.0    10952.0
5858.0    11253.0
5745.0    11341.0
6012.0    11151.0
6024.0    11142.0
6034.0    11135.0
6026.0    11137.0
5974.0    11179.0
6003.0    11155.0
5994.0    11165.0
5947.0    11196.0
5689.0    11374.0
5710.0    11363.0
5760.0    11322.0
5789.0    11302.0
5718.0    11360.0
5729.0    11348.0
5818.0    11281.0
5867.0    11248.0
5447.0    11543.0
5750.0    11333.0
5462.0    11530.0
5484.0    11519.0
5827.0    11276.0
5810.0    11290.0
6219.0    10987.0
6308.0    10925.0
6357.0    10879.0
5925.0    11208.0
5958.0    11181.0
5879.0    11236.0
6333.0    10909.0
6289.0    10942.0
5906.0    11222.0
5930.0    11200.0
5894.0    11233.0
5915.0    11210.0
4853.0    11895.0
5555.0    11464.0
5341.0    11607.0
5342.0    11606.0
5320.0    11630.0
5321.0    11623.0
5045.0    11796.0
6152.0    11044.0
6167.0    11029.0
5566.0    11459.0
5565.0    11462.0
6421.0    10834.0
6082.0    11096.0
5763.0    11321.0
5460.0    11539.0
5523.0    11489.0
5800.0    11299.0
5529.0    11484.0
6144.0    11045.0
6121.0    11059.0
5660.0    11387.0
6770.0    10555.0
6773.0    10553.0
5842.0    11260.0
6053.0    11119.0
6352.0    10893.0
6340.0    10903.0
6398.0    10854.0
5662.0    11386.0
5223.0    11689.0
4761.0    11958.0
4758.0    11959.0
5347.0    11604.0
5087.0    11766.0
5112.0    11752.0
5083.0    11775.0
5109.0    11756.0
4924.0    11873.0
4986.0    11829.0
4999.0    11826.0
4951.0    11854.0
5178.0    11722.0
5815.0    11288.0
5464.0    11528.0
5136.0    11743.0
4908.0    11879.0
5226.0    11686.0
4911.0    11877.0
5154.0    11728.0
5298.0    11643.0
5013.0    11814.0
11691.0    4396.0
11686.0    4412.0
11563.0    4837.0
11654.0    4549.0
11644.0    4567.0
11689.0    4403.0
11682.0    4421.0
11680.0    4423.0
11667.0    4515.0
11583.0    4792.0
11643.0    4604.0
11521.0    4959.0
11518.0    4965.0
11506.0    4984.0
11509.0    4980.0
11573.0    4817.0
11569.0    4825.0
11559.0    4849.0
11548.0    4867.0
11566.0    4835.0
11614.0    4698.0
11612.0    4702.0
11604.0    4709.0
11601.0    4714.0
11553.0    4861.0
11537.0    4891.0
11497.0    5003.0
11495.0    5008.0
11543.0    4881.0
11580.0    4793.0
11514.0    4977.0
11516.0    4970.0
11525.0    4936.0
11481.0    5024.0
11510.0    4979.0
11504.0    4991.0
11478.0    5033.0
11524.0    4950.0
11493.0    5014.0
11571.0    4823.0
11625.0    4660.0
11480.0    5030.0
11533.0    4925.0
11411.0    5169.0
11405.0    5183.0
11426.0    5149.0
11502.0    4997.0
11402.0    5188.0
11407.0    5179.0
11404.0    5186.0
11424.0    5155.0
11422.0    5160.0
11395.0    5203.0
11418.0    5161.0
11444.0    5123.0
11398.0    5201.0
11389.0    5218.0
11482.0    5023.0
11476.0    5037.0
11474.0    5044.0
11295.0    5392.0
11267.0    5431.0
11260.0    5444.0
11363.0    5262.0
11431.0    5139.0
11467.0    5052.0
11503.0    4992.0
11468.0    5048.0
11453.0    5073.0
11462.0    5066.0
11377.0    5234.0
11381.0    5224.0
11410.0    5173.0
11379.0    5227.0
11454.0    5071.0
11374.0    5245.0
11354.0    5267.0
11319.0    5325.0
11351.0    5281.0
11325.0    5314.0
11323.0    5324.0
11318.0    5327.0
11429.0    5143.0
11632.0    4648.0
11587.0    4777.0
11616.0    4678.0
11577.0    4808.0
11567.0    4829.0
11629.0    4656.0
11622.0    4669.0
11620.0    4677.0
11635.0    4638.0
11627.0    4657.0
11561.0    4842.0
11597.0    4727.0
11623.0    4667.0
11600.0    4716.0
11593.0    4734.0
11578.0    4802.0
11549.0    4863.0
11636.0    4633.0
11556.0    4854.0
11603.0    4712.0
11615.0    4689.0
11486.0    5020.0
11665.0    4519.0
11661.0    4532.0
11657.0    4541.0
11659.0    4538.0
11669.0    4505.0
11650.0    4558.0
11668.0    4511.0
11664.0    4520.0
11649.0    4566.0
11655.0    4548.0
11652.0    4552.0
11662.0    4531.0
11342.0    5287.0
11343.0    5286.0
11210.0    5522.0
11638.0    4625.0
11676.0    4482.0
11534.0    4923.0
11586.0    4778.0
11584.0    4784.0
11572.0    4820.0
11452.0    5105.0
11436.0    5124.0
11391.0    5204.0
11637.0    4630.0
11634.0    4639.0
11642.0    4619.0
11469.0    5045.0
11675.0    4493.0
11666.0    4518.0
11281.0    5405.0
11076.0    5746.0
10946.0    5933.0
11128.0    5662.0
11105.0    5693.0
11088.0    5728.0
11100.0    5701.0
11110.0    5689.0
11093.0    5718.0
11316.0    5348.0
11302.0    5363.0
10943.0    5941.0
11255.0    5450.0
11180.0    5561.0
11138.0    5628.0
11162.0    5591.0
11170.0    5579.0
11190.0    5551.0
11179.0    5563.0
11357.0    5263.0
11356.0    5264.0
11172.0    5577.0
11332.0    5308.0
11336.0    5301.0
11339.0    5299.0
11341.0    5295.0
11366.0    5253.0
11353.0    5273.0
11344.0    5284.0
11081.0    5737.0
11178.0    5565.0
11193.0    5550.0
11160.0    5600.0
11166.0    5590.0
11195.0    5549.0
11330.0    5313.0
11303.0    5349.0
10930.0    5971.0
11077.0    5738.0
11146.0    5624.0
11120.0    5663.0
11070.0    5750.0
11101.0    5699.0
11099.0    5704.0
11106.0    5692.0
11086.0    5730.0
11097.0    5709.0
11059.0    5771.0
11236.0    5485.0
10936.0    5952.0
11196.0    5545.0
11226.0    5499.0
11247.0    5465.0
11186.0    5560.0
11254.0    5458.0
11257.0    5447.0
11285.0    5397.0
11223.0    5505.0
11216.0    5511.0
11224.0    5504.0
11275.0    5424.0
11232.0    5490.0
11135.0    5633.0
11214.0    5514.0
11211.0    5516.0
11237.0    5478.0
11167.0    5585.0
11168.0    5580.0
11177.0    5572.0
11212.0    5515.0
11239.0    5476.0
11159.0    5622.0
11134.0    5637.0
11248.0    5460.0
11270.0    5427.0
11283.0    5402.0
11261.0    5438.0
11269.0    5429.0
11277.0    5414.0
10923.0    5978.0
10790.0    6168.0
11068.0    5753.0
11061.0    5766.0
10974.0    5895.0
11004.0    5859.0
10948.0    5931.0
11176.0    5573.0
11204.0    5528.0
10298.0    6856.0
11243.0    5474.0
10906.0    6010.0
10887.0    6036.0
11051.0    5785.0
11174.0    5575.0
10551.0    6510.0
10798.0    6156.0
10672.0    6346.0
10890.0    6035.0
10824.0    6124.0
10751.0    6228.0
10676.0    6336.0
10201.0    6980.0
11065.0    5763.0
10830.0    6116.0
10895.0    6023.0
10884.0    6046.0
10789.0    6169.0
10862.0    6073.0
10859.0    6077.0
10885.0    6039.0
10892.0    6026.0
10909.0    6009.0
10914.0    6002.0
10921.0    5991.0
10926.0    5976.0
10879.0    6054.0
10912.0    6006.0
10899.0    6019.0
10852.0    6087.0
10877.0    6056.0
10831.0    6114.0
10845.0    6094.0
10848.0    6092.0
10864.0    6069.0
10870.0    6060.0
10826.0    6121.0
10843.0    6098.0
10857.0    6083.0
10902.0    6017.0
10867.0    6067.0
10875.0    6057.0
10840.0    6107.0
10752.0    6218.0
10762.0    6213.0
10819.0    6137.0
10822.0    6126.0
10957.0    5917.0
11037.0    5806.0
11006.0    5849.0
11022.0    5827.0
10985.0    5879.0
10956.0    5921.0
10891.0    6033.0
11040.0    5802.0
10988.0    5875.0
10967.0    5909.0
10965.0    5914.0
10855.0    6085.0
11028.0    5821.0
11014.0    5839.0
11045.0    5791.0
11043.0    5798.0
11019.0    5832.0
10983.0    5882.0
11012.0    5841.0
10986.0    5876.0
11015.0    5835.0
11017.0    5833.0
10980.0    5892.0
11035.0    5813.0
11058.0    5775.0
11032.0    5817.0
11023.0    5824.0
11056.0    5779.0
10994.0    5872.0
10999.0    5864.0
10971.0    5901.0
11021.0    5829.0
10955.0    5923.0
10952.0    5929.0
11009.0    5845.0
11136.0    5631.0
10213.0    6956.0
10257.0    6904.0
10881.0    6047.0
10934.0    5955.0
10716.0    6271.0
10694.0    6307.0
10691.0    6310.0
10712.0    6285.0
10420.0    6684.0
10673.0    6338.0
10640.0    6391.0
10728.0    6260.0
9854.0    7432.0
9868.0    7417.0
10684.0    6333.0
10675.0    6337.0
10711.0    6295.0
10686.0    6323.0
10699.0    6296.0
10847.0    6093.0
10941.0    5948.0
10450.0    6643.0
10111.0    7103.0
9830.0    7471.0
10130.0    7077.0
10128.0    7087.0
10394.0    6727.0
10362.0    6766.0
10371.0    6750.0
10347.0    6790.0
10367.0    6754.0
10666.0    6352.0
10516.0    6564.0
10484.0    6602.0
10119.0    7099.0
10078.0    7143.0
10427.0    6682.0
10388.0    6735.0
10341.0    6798.0
10465.0    6622.0
10359.0    6774.0
10443.0    6653.0
10418.0    6687.0
10438.0    6669.0
10409.0    6701.0
10411.0    6697.0
10353.0    6783.0
10320.0    6826.0
10413.0    6692.0
10401.0    6717.0
10372.0    6749.0
10449.0    6652.0
10406.0    6703.0
10042.0    7196.0
9971.0    7284.0
10431.0    6672.0
10032.0    7205.0
10000.0    7241.0
9997.0    7247.0
10009.0    7230.0
9840.0    7454.0
10007.0    7233.0
10771.0    6198.0
10733.0    6250.0
9798.0    7509.0
10170.0    7021.0
10152.0    7042.0
10143.0    7056.0
10165.0    7031.0
10521.0    6552.0
10518.0    6558.0
10475.0    6609.0
10354.0    6780.0
10656.0    6370.0
10653.0    6376.0
10663.0    6358.0
10603.0    6441.0
10740.0    6233.0
10738.0    6237.0
10735.0    6239.0
10805.0    6155.0
10835.0    6111.0
10783.0    6174.0
10794.0    6166.0
10780.0    6182.0
10756.0    6216.0
10797.0    6160.0
10316.0    6828.0
10842.0    6104.0
10788.0    6172.0
10779.0    6189.0
10776.0    6195.0
10331.0    6803.0
10829.0    6119.0
10768.0    6202.0
10743.0    6230.0
9975.0    7275.0
10095.0    7129.0
10052.0    7180.0
10023.0    7216.0
10763.0    6203.0
10225.0    6942.0
9886.0    7394.0
9921.0    7347.0
9888.0    7384.0
9912.0    7363.0
9880.0    7401.0
9946.0    7317.0
9939.0    7322.0
9937.0    7326.0
9967.0    7292.0
9948.0    7314.0
9879.0    7412.0
9919.0    7360.0
9901.0    7376.0
10022.0    7217.0
9899.0    7381.0
9883.0    7396.0
9537.0    7824.0
9530.0    7829.0
10064.0    7167.0
10137.0    7066.0
10106.0    7108.0
10077.0    7148.0
10100.0    7114.0
10150.0    7049.0
10033.0    7198.0
10122.0    7088.0
10103.0    7110.0
10121.0    7094.0
10089.0    7132.0
10099.0    7118.0
10169.0    7025.0
9903.0    7368.0
9979.0    7266.0
11695.0    4313.0
11697.0    4305.0
11687.0    4410.0
11692.0    4383.0
11523.0    4957.0
11591.0    4758.0
11400.0    5190.0
11579.0    4796.0
11672.0    4499.0
11673.0    4496.0
11681.0    4422.0
11694.0    4367.0
11679.0    4472.0
11590.0    4774.0
11317.0    5329.0
11187.0    5552.0
11266.0    5432.0
10593.0    6452.0
10471.0    6610.0
10271.0    6888.0
10301.0    6853.0
10174.0    7015.0
10160.0    7035.0
10466.0    6620.0
10500.0    6578.0
10487.0    6593.0
10635.0    6395.0
10249.0    6912.0
10647.0    6387.0
10537.0    6534.0
10461.0    6623.0
10453.0    6640.0
10519.0    6554.0
10527.0    6548.0
10530.0    6537.0
10563.0    6492.0
10510.0    6569.0
10490.0    6588.0
10470.0    6619.0
10456.0    6632.0
10481.0    6607.0
10598.0    6445.0
10597.0    6449.0
10571.0    6483.0
10568.0    6489.0
10558.0    6502.0
10556.0    6509.0
10529.0    6542.0
10544.0    6520.0
10459.0    6631.0
10543.0    6524.0
10496.0    6585.0
10667.0    6351.0
10619.0    6421.0
10644.0    6389.0
10630.0    6414.0
10639.0    6394.0
10633.0    6403.0
10591.0    6462.0
10564.0    6490.0
10594.0    6451.0
10662.0    6364.0
10620.0    6418.0
10587.0    6465.0
10584.0    6471.0
10608.0    6438.0
10562.0    6495.0
10611.0    6429.0
10224.0    6944.0
10194.0    6989.0
10489.0    6592.0
10542.0    6526.0
10548.0    6518.0
10578.0    6476.0
10499.0    6582.0
10652.0    6380.0
10609.0    6431.0
10502.0    6577.0
10252.0    6911.0
10485.0    6595.0
10741.0    6232.0
10781.0    6179.0
10970.0    5902.0
9954.0    7305.0
10206.0    6963.0
10569.0    6487.0
10189.0    6991.0
10186.0    6997.0
10132.0    7072.0
10312.0    6834.0
10348.0    6787.0
10380.0    6745.0
10355.0    6777.0
10330.0    6807.0
9765.0    7545.0
9861.0    7419.0
9705.0    7627.0
9486.0    7887.0
10327.0    6813.0
9950.0    7307.0
9928.0    7338.0
9851.0    7439.0
9835.0    7460.0
10146.0    7054.0
10109.0    7107.0
9983.0    7262.0
9963.0    7295.0
10218.0    6952.0
10294.0    6860.0
10253.0    6908.0
10243.0    6922.0
10210.0    6958.0
9957.0    7296.0
10019.0    7223.0
9995.0    7256.0
10059.0    7177.0
10087.0    7138.0
10080.0    7141.0
10292.0    6864.0
10365.0    6761.0
10054.0    7178.0
10028.0    7210.0
10360.0    6771.0
10256.0    6906.0
10203.0    6968.0
10349.0    6785.0
10297.0    6857.0
10267.0    6891.0
10279.0    6882.0
10273.0    6884.0
10234.0    6930.0
10221.0    6949.0
10263.0    6895.0
9976.0    7273.0
10209.0    6960.0
10338.0    6802.0
10246.0    6916.0
10240.0    6928.0
10242.0    6924.0
10306.0    6848.0
10310.0    6842.0
10284.0    6872.0
10281.0    6878.0
10313.0    6831.0
10268.0    6889.0
10346.0    6794.0
10323.0    6822.0
10324.0    6820.0
10258.0    6903.0
10370.0    6752.0
10233.0    6939.0
10405.0    6711.0
10228.0    6941.0
9021.0    8417.0
9113.0    8316.0
8966.0    8476.0
9023.0    8415.0
9025.0    8413.0
8979.0    8462.0
9610.0    7737.0
9764.0    7549.0
9741.0    7582.0
10076.0    7151.0
10073.0    7157.0
10030.0    7209.0
9999.0    7243.0
10060.0    7169.0
10005.0    7239.0
8972.0    8470.0
9301.0    8105.0
9986.0    7258.0
9930.0    7330.0
10047.0    7186.0
10015.0    7224.0
10262.0    6900.0
10722.0    6262.0
10811.0    6147.0
9197.0    8223.0
9670.0    7666.0
9321.0    8088.0
9671.0    7662.0
9595.0    7753.0
9251.0    8165.0
9358.0    8049.0
9351.0    8050.0
9290.0    8125.0
9325.0    8083.0
9261.0    8155.0
9462.0    7919.0
9445.0    7946.0
9506.0    7870.0
9399.0    8003.0
9361.0    8047.0
9342.0    8062.0
9367.0    8038.0
9344.0    8057.0
9817.0    7482.0
9847.0    7449.0
9827.0    7480.0
9871.0    7413.0
9665.0    7671.0
9802.0    7507.0
9777.0    7536.0
9681.0    7656.0
9640.0    7706.0
9742.0    7581.0
9700.0    7631.0
9562.0    7794.0
9744.0    7574.0
9389.0    8006.0
9784.0    7524.0
9803.0    7500.0
9834.0    7468.0
9809.0    7497.0
9826.0    7481.0
9745.0    7572.0
9778.0    7533.0
9761.0    7557.0
9735.0    7592.0
9754.0    7564.0
9786.0    7521.0
9736.0    7587.0
9756.0    7560.0
9723.0    7604.0
9780.0    7531.0
9813.0    7491.0
9788.0    7520.0
9718.0    7614.0
9783.0    7525.0
9763.0    7550.0
9546.0    7819.0
9860.0    7420.0
9450.0    7940.0
9496.0    7872.0
9722.0    7609.0
9569.0    7792.0
9538.0    7822.0
9731.0    7594.0
9768.0    7544.0
9689.0    7645.0
9663.0    7675.0
9683.0    7652.0
9660.0    7681.0
9710.0    7619.0
9677.0    7661.0
9687.0    7646.0
9709.0    7625.0
9607.0    7747.0
9549.0    7810.0
9523.0    7840.0
9520.0    7846.0
9493.0    7874.0
9576.0    7777.0
9684.0    7650.0
9582.0    7772.0
9655.0    7682.0
9720.0    7613.0
9716.0    7618.0
9583.0    7769.0
9752.0    7571.0
9697.0    7641.0
9629.0    7722.0
9654.0    7692.0
9698.0    7634.0
9371.0    8026.0
9405.0    7988.0
9434.0    7960.0
9426.0    7961.0
9511.0    7859.0
9484.0    7897.0
9481.0    7903.0
9558.0    7805.0
9494.0    7873.0
9473.0    7907.0
9468.0    7918.0
9435.0    7953.0
9982.0    7264.0
9794.0    7515.0
9726.0    7601.0
10038.0    7197.0
10011.0    7225.0
10065.0    7164.0
10044.0    7195.0
10096.0    7126.0
9527.0    7833.0
9633.0    7710.0
9278.0    8140.0
9206.0    8218.0
9256.0    8161.0
9150.0    8275.0
9414.0    7977.0
9374.0    8024.0
9387.0    8013.0
8943.0    8505.0
8914.0    8543.0
9242.0    8176.0
9225.0    8196.0
9609.0    7740.0
9316.0    8103.0
9274.0    8144.0
9544.0    7820.0
9529.0    7832.0
9550.0    7808.0
9664.0    7672.0
9770.0    7540.0
9593.0    7757.0
9644.0    7699.0
9574.0    7784.0
9515.0    7847.0
9077.0    8354.0
9282.0    8134.0
9591.0    7763.0
9668.0    7669.0
9622.0    7727.0
9647.0    7693.0
9330.0    8076.0
9425.0    7965.0
9422.0    7971.0
9454.0    7930.0
9408.0    7985.0
9439.0    7951.0
9596.0    7752.0
9616.0    7733.0
9561.0    7797.0
9335.0    8068.0
9239.0    8182.0
9160.0    8266.0
9162.0    8264.0
8973.0    8469.0
9299.0    8110.0
9216.0    8209.0
9892.0    7382.0
9157.0    8268.0
9297.0    8120.0
9220.0    8199.0
10182.0    7007.0
10410.0    6698.0
8759.0    8703.0
8948.0    8497.0
9383.0    8020.0
9051.0    8389.0
9048.0    8390.0
8959.0    8487.0
9020.0    8420.0
8946.0    8499.0
8968.0    8475.0
9487.0    7878.0
8827.0    8627.0
9143.0    8292.0
8762.0    8702.0
8989.0    8457.0
8993.0    8446.0
8981.0    8459.0
8955.0    8489.0
9002.0    8441.0
8939.0    8506.0
9065.0    8368.0
8947.0    8498.0
9101.0    8333.0
7105.0    10287.0
7507.0    9936.0
7439.0    9996.0
7659.0    9797.0
7591.0    9860.0
7595.0    9853.0
7807.0    9655.0
8087.0    9389.0
8033.0    9440.0
7852.0    9612.0
8017.0    9455.0
8037.0    9429.0
7854.0    9609.0
7941.0    9528.0
7835.0    9628.0
7855.0    9607.0
7741.0    9714.0
7916.0    9550.0
7978.0    9488.0
7858.0    9605.0
8071.0    9401.0
7763.0    9697.0
7353.0    10079.0
7345.0    10081.0
7545.0    9900.0
7568.0    9879.0
8130.0    9340.0
8811.0    8662.0
8820.0    8644.0
7639.0    9813.0
7563.0    9881.0
8068.0    9405.0
8690.0    8788.0
8796.0    8670.0
8732.0    8742.0
8681.0    8801.0
8719.0    8751.0
8773.0    8693.0
8644.0    8836.0
8764.0    8701.0
8798.0    8669.0
8840.0    8623.0
8825.0    8631.0
8789.0    8682.0
8821.0    8638.0
8766.0    8697.0
9041.0    8401.0
8965.0    8481.0
8744.0    8732.0
8790.0    8681.0
8745.0    8723.0
7964.0    9500.0
8047.0    9419.0
8628.0    8854.0
8578.0    8904.0
8188.0    9292.0
8193.0    9283.0
8700.0    8774.0
8316.0    9164.0
8044.0    9427.0
7958.0    9513.0
7865.0    9598.0
7886.0    9581.0
7589.0    9861.0
7729.0    9731.0
8058.0    9413.0
7610.0    9840.0
7860.0    9603.0
7710.0    9751.0
7794.0    9669.0
7543.0    9902.0
7791.0    9670.0
7475.0    9965.0
7681.0    9773.0
7744.0    9713.0
8034.0    9438.0
7944.0    9527.0
7881.0    9586.0
7594.0    9857.0
7617.0    9835.0
7652.0    9802.0
8003.0    9466.0
8036.0    9433.0
7935.0    9534.0
7603.0    9845.0
7724.0    9737.0
7982.0    9487.0
7997.0    9473.0
7697.0    9759.0
7975.0    9496.0
7638.0    9814.0
7673.0    9782.0
7760.0    9702.0
7751.0    9706.0
7655.0    9798.0
7738.0    9721.0
7745.0    9712.0
7703.0    9752.0
7790.0    9672.0
7642.0    9809.0
7734.0    9722.0
7665.0    9790.0
7907.0    9558.0
7754.0    9704.0
7841.0    9624.0
7769.0    9693.0
7757.0    9703.0
8137.0    9337.0
8102.0    9372.0
8020.0    9449.0
8073.0    9395.0
7682.0    9772.0
7600.0    9851.0
7684.0    9770.0
7363.0    10068.0
8206.0    9282.0
8117.0    9361.0
8225.0    9251.0
8147.0    9332.0
8370.0    9117.0
8299.0    9181.0
8288.0    9196.0
8350.0    9128.0
8055.0    9417.0
8301.0    9174.0
8311.0    9169.0
8458.0    9026.0
8462.0    9025.0
8178.0    9305.0
8373.0    9115.0
8467.0    9019.0
8453.0    9037.0
8416.0    9075.0
7561.0    9884.0
7848.0    9617.0
7618.0    9830.0
8951.0    8493.0
8915.0    8535.0
9599.0    7750.0
9334.0    8073.0
9303.0    8104.0
9419.0    7973.0
9350.0    8056.0
9320.0    8090.0
9174.0    8262.0
9123.0    8312.0
9124.0    8311.0
9088.0    8349.0
9081.0    8353.0
8663.0    8811.0
8832.0    8626.0
8777.0    8687.0
9012.0    8434.0
8920.0    8528.0
9177.0    8255.0
8937.0    8512.0
8929.0    8516.0
8991.0    8448.0
8879.0    8589.0
9601.0    7748.0
9129.0    8302.0
9234.0    8187.0
9149.0    8278.0
9071.0    8366.0
9064.0    8372.0
9148.0    8281.0
9223.0    8197.0
9247.0    8175.0
9230.0    8193.0
9269.0    8150.0
8916.0    8530.0
9015.0    8423.0
8990.0    8453.0
9074.0    8361.0
9024.0    8414.0
9192.0    8239.0
9072.0    8364.0
9140.0    8295.0
9043.0    8396.0
9111.0    8327.0
9144.0    8285.0
9045.0    8393.0
9151.0    8274.0
9219.0    8205.0
9018.0    8421.0
9201.0    8221.0
9178.0    8248.0
9214.0    8213.0
9238.0    8185.0
9196.0    8227.0
9053.0    8386.0
9156.0    8272.0
9532.0    7825.0
9207.0    8216.0
9401.0    7997.0
9336.0    8064.0
9491.0    7877.0
8699.0    8778.0
8621.0    8859.0
9248.0    8170.0
9182.0    8244.0
8174.0    9312.0
8075.0    9393.0
8120.0    9351.0
7974.0    9497.0
8006.0    9463.0
7940.0    9529.0
7926.0    9543.0
8023.0    9445.0
9062.0    8380.0
9112.0    8323.0
9033.0    8409.0
9141.0    8294.0
9035.0    8404.0
9194.0    8229.0
9096.0    8343.0
9066.0    8367.0
8996.0    8445.0
8066.0    9409.0
8576.0    8921.0
8456.0    9033.0
8351.0    9124.0
8976.0    8465.0
8292.0    9188.0
8375.0    9111.0
8390.0    9091.0
8327.0    9154.0
8333.0    9152.0
8157.0    9327.0
8127.0    9344.0
8637.0    8840.0
8709.0    8762.0
8673.0    8803.0
8646.0    8835.0
8529.0    8949.0
8581.0    8898.0
8536.0    8948.0
8610.0    8871.0
8662.0    8820.0
8598.0    8887.0
8633.0    8841.0
8625.0    8858.0
8388.0    9092.0
8397.0    9083.0
8392.0    9089.0
8336.0    9145.0
8324.0    9156.0
8338.0    9143.0
8140.0    9335.0
8393.0    9088.0
8358.0    9123.0
8374.0    9112.0
8347.0    9135.0
8325.0    9155.0
8387.0    9096.0
8315.0    9165.0
8343.0    9136.0
8262.0    9229.0
8185.0    9303.0
8098.0    9386.0
8250.0    9240.0
8913.0    8544.0
8911.0    8549.0
8718.0    8758.0
8802.0    8665.0
8897.0    8566.0
8793.0    8673.0
8748.0    8722.0
8445.0    9054.0
9029.0    8411.0
8435.0    9057.0
8509.0    8978.0
8510.0    8977.0
8786.0    8686.0
8775.0    8692.0
8705.0    8764.0
8552.0    8937.0
8907.0    8552.0
8845.0    8620.0
8889.0    8577.0
8927.0    8524.0
9098.0    8339.0
9005.0    8437.0
8924.0    8526.0
9114.0    8313.0
8580.0    8903.0
8826.0    8628.0
7962.0    9503.0
8277.0    9207.0
8274.0    9217.0
8287.0    9198.0
7934.0    9539.0
7768.0    9694.0
7849.0    9613.0
7976.0    9491.0
7910.0    9557.0
7988.0    9483.0
8027.0    9443.0
7961.0    9509.0
8019.0    9451.0
8100.0    9373.0
8081.0    9392.0
8015.0    9460.0
8002.0    9467.0
8704.0    8773.0
8447.0    9043.0
8121.0    9349.0
8122.0    9346.0
7911.0    9554.0
8313.0    9166.0
8425.0    9063.0
8395.0    9085.0
8339.0    9139.0
8492.0    8992.0
8511.0    8972.0
8497.0    8986.0
8592.0    8894.0
8553.0    8933.0
8517.0    8968.0
8362.0    9119.0
8191.0    9287.0
8697.0    8785.0
8555.0    8929.0
8603.0    8874.0
8664.0    8807.0
8741.0    8739.0
8819.0    8657.0
8651.0    8832.0
8689.0    8792.0
8477.0    9008.0
8496.0    8987.0
8953.0    8491.0
7993.0    9475.0
8045.0    9426.0
8440.0    9056.0
8526.0    8961.0
8448.0    9042.0
8411.0    9080.0
8474.0    9013.0
8505.0    8984.0
8285.0    9205.0
8348.0    9132.0
8280.0    9206.0
8321.0    9157.0
8302.0    9173.0
8224.0    9272.0
8251.0    9232.0
8565.0    8922.0
8619.0    8863.0
8758.0    8719.0
8487.0    9003.0
8541.0    8944.0
8450.0    9041.0
8383.0    9103.0
8814.0    8660.0
8862.0    8604.0
8900.0    8564.0
8851.0    8615.0
8721.0    8749.0
7803.0    9658.0
7573.0    9870.0
7963.0    9501.0
9076.0    8359.0
8231.0    9248.0
6826.0    10508.0
6274.0    10950.0
6558.0    10732.0
6553.0    10738.0
6929.0    10432.0
6938.0    10427.0
6946.0    10423.0
7009.0    10367.0
6951.0    10420.0
6855.0    10492.0
6983.0    10392.0
6973.0    10394.0
7000.0    10376.0
6995.0    10377.0
7037.0    10345.0
6924.0    10436.0
6969.0    10396.0
6841.0    10501.0
6988.0    10387.0
6905.0    10452.0
7032.0    10346.0
7022.0    10354.0
6814.0    10528.0
6968.0    10399.0
7574.0    9869.0
7164.0    10239.0
7161.0    10245.0
7193.0    10215.0
7285.0    10135.0
6975.0    10393.0
6991.0    10386.0
7039.0    10343.0
7120.0    10281.0
7166.0    10237.0
7252.0    10162.0
7587.0    9862.0
7517.0    9929.0
7449.0    9992.0
7508.0    9932.0
7565.0    9880.0
7445.0    9993.0
7521.0    9924.0
7388.0    10050.0
7459.0    9977.0
7462.0    9976.0
7456.0    9978.0
7004.0    10373.0
6607.0    10689.0
6593.0    10700.0
7136.0    10262.0
7340.0    10091.0
7213.0    10195.0
6459.0    10802.0
6406.0    10849.0
6513.0    10766.0
6728.0    10592.0
7430.0    10004.0
7470.0    9968.0
6589.0    10704.0
6697.0    10620.0
6702.0    10616.0
7244.0    10173.0
6564.0    10723.0
7208.0    10206.0
6661.0    10655.0
6699.0    10618.0
6677.0    10636.0
6657.0    10659.0
6726.0    10601.0
6662.0    10652.0
6482.0    10789.0
6840.0    10507.0
6874.0    10474.0
6918.0    10439.0
7555.0    9888.0
7231.0    10180.0
7199.0    10210.0
7501.0    9941.0
7575.0    9868.0
7398.0    10036.0
7282.0    10139.0
7391.0    10044.0
7249.0    10170.0
7402.0    10030.0
7437.0    10003.0
6604.0    10699.0
6735.0    10587.0
6527.0    10761.0
7648.0    9808.0
7007.0    10370.0
6910.0    10446.0
6865.0    10489.0
7071.0    10321.0
6939.0    10424.0
6897.0    10461.0
6894.0    10467.0
6898.0    10456.0
6900.0    10455.0
7003.0    10375.0
7092.0    10298.0
7050.0    10335.0
7047.0    10341.0
7019.0    10360.0
6964.0    10406.0
7066.0    10322.0
6911.0    10444.0
7342.0    10084.0
7482.0    9954.0
7414.0    10026.0
7319.0    10107.0
7428.0    10007.0
7251.0    10163.0
7846.0    9621.0
7730.0    9728.0
7748.0    9709.0
7811.0    9650.0
7629.0    9825.0
7265.0    10155.0
7535.0    9909.0
7634.0    9819.0
7691.0    9762.0
7713.0    9749.0
7586.0    9867.0
7367.0    10063.0
7374.0    10056.0
7620.0    9829.0
7717.0    9740.0
7492.0    9953.0
7373.0    10058.0
7523.0    9920.0
7571.0    9874.0
7557.0    9887.0
7424.0    10016.0
7479.0    9960.0
7455.0    9980.0
7267.0    10151.0
7313.0    10112.0
7239.0    10177.0
7477.0    9964.0
7494.0    9945.0
7268.0    10147.0
7538.0    9906.0
7569.0    9875.0
7601.0    9850.0
7287.0    10134.0
7480.0    9957.0
7307.0    10115.0
6487.0    10785.0
7474.0    9966.0
7343.0    10083.0
6822.0    10515.0
7533.0    9913.0
7552.0    9897.0
7667.0    9784.0
6816.0    10517.0
6713.0    10613.0
6797.0    10536.0
8298.0    9185.0
7534.0    9910.0
7438.0    9999.0
7536.0    9908.0
7553.0    9896.0
7467.0    9970.0
7354.0    10073.0
7366.0    10064.0
7400.0    10034.0
7408.0    10029.0
7322.0    10103.0
7371.0    10060.0
7504.0    9940.0
7512.0    9931.0
7493.0    9950.0
7089.0    10317.0
7380.0    10053.0
7294.0    10127.0
7168.0    10233.0
7255.0    10160.0
7297.0    10125.0
7211.0    10199.0
7226.0    10189.0
7306.0    10118.0
7262.0    10157.0
7318.0    10109.0
7341.0    10087.0
7327.0    10098.0
7241.0    10174.0
7311.0    10114.0
6621.0    10677.0
7608.0    9844.0
7864.0    9601.0
8041.0    9428.0
7524.0    9917.0
7688.0    9765.0
7832.0    9637.0
7906.0    9562.0
8110.0    9371.0
7955.0    9519.0
7877.0    9595.0
8001.0    9471.0
7920.0    9549.0
7830.0    9648.0
7788.0    9686.0
7469.0    9969.0
7630.0    9824.0
7695.0    9760.0
7837.0    9625.0
7888.0    9577.0
7874.0    9596.0
7903.0    9576.0
8303.0    9171.0
6043.0    11131.0
6092.0    11085.0
5648.0    11394.0
5593.0    11437.0
5575.0    11454.0
6717.0    10604.0
6757.0    10574.0
6792.0    10540.0
6815.0    10519.0
6504.0    10770.0
5779.0    11310.0
6807.0    10529.0
6800.0    10533.0
6679.0    10633.0
5538.0    11477.0
5869.0    11245.0
5871.0    11242.0
6189.0    11015.0
6083.0    11091.0
5784.0    11308.0
5732.0    11347.0
5754.0    11332.0
6252.0    10963.0
6259.0    10960.0
6963.0    10407.0
6956.0    10412.0
6279.0    10947.0
6420.0    10836.0
6915.0    10443.0
7221.0    10190.0
7188.0    10219.0
7102.0    10293.0
7292.0    10129.0
7178.0    10228.0
7274.0    10143.0
6644.0    10668.0
6579.0    10714.0
7257.0    10159.0
6500.0    10771.0
6351.0    10896.0
6355.0    10888.0
6370.0    10877.0
6448.0    10817.0
6415.0    10847.0
6517.0    10763.0
6419.0    10839.0
6434.0    10828.0
6392.0    10866.0
6330.0    10917.0
6361.0    10878.0
6581.0    10706.0
6570.0    10721.0
6372.0    10876.0
6436.0    10827.0
6533.0    10748.0
6478.0    10790.0
6538.0    10744.0
6616.0    10684.0
7014.0    10361.0
7031.0    10352.0
7095.0    10294.0
7010.0    10365.0
6074.0    11101.0
6097.0    11078.0
6071.0    11111.0
6110.0    11072.0
6746.0    10579.0
7159.0    10248.0
6631.0    10675.0
6725.0    10602.0
6758.0    10571.0
6731.0    10588.0
6633.0    10669.0
7230.0    10187.0
6159.0    11035.0
6454.0    10810.0
6477.0    10791.0
6440.0    10826.0
6396.0    10864.0
6399.0    10853.0
6442.0    10819.0
6617.0    10681.0
5931.0    11197.0
6136.0    11058.0
6180.0    11022.0
6045.0    11123.0
6174.0    11028.0
5953.0    11190.0
5975.0    11169.0
5999.0    11160.0
6256.0    10961.0
6197.0    11009.0
6216.0    10993.0
6202.0    11007.0
6356.0    10882.0
5978.0    11168.0
6292.0    10937.0
6226.0    10986.0
6245.0    10972.0
6194.0    11011.0
6182.0    11019.0
6240.0    10980.0
6298.0    10934.0
6878.0    10469.0
7216.0    10193.0
6966.0    10402.0
6801.0    10530.0
6084.0    11090.0
6120.0    11069.0
6730.0    10589.0
6747.0    10575.0
7525.0    9916.0
7500.0    9944.0
7481.0    9955.0
7441.0    9994.0
7518.0    9926.0
7393.0    10040.0
7554.0    9889.0
7622.0    9826.0
7328.0    10097.0
7326.0    10101.0
6499.0    10779.0
6453.0    10816.0
6474.0    10801.0
6576.0    10717.0
6493.0    10782.0
6540.0    10741.0
6507.0    10767.0
6571.0    10718.0
6531.0    10749.0
6431.0    10830.0
6578.0    10716.0
6495.0    10781.0
6108.0    11074.0
6825.0    10511.0
6776.0    10552.0
6456.0    10807.0
6013.0    11148.0
6302.0    10928.0
6210.0    11000.0
6229.0    10981.0
6265.0    10954.0
7184.0    10220.0
5840.0    11270.0
6057.0    11115.0
7132.0    10267.0
7149.0    10249.0
6228.0    10982.0
