1318.0    785.0
1377.0    714.0
1316.0    786.0
1402.0    683.0
1331.0    769.0
1357.0    739.0
1326.0    775.0
1319.0    783.0
1381.0    710.0
1333.0    767.0
1397.0    694.0
1391.0    701.0
1452.0    613.0
1462.0    608.0
1446.0    626.0
1388.0    709.0
1425.0    659.0
1443.0    636.0
1372.0    722.0
1341.0    758.0
1409.0    677.0
1427.0    654.0
1342.0    755.0
1430.0    645.0
1348.0    750.0
1432.0    644.0
1450.0    621.0
1412.0    675.0
1413.0    672.0
1400.0    685.0
1329.0    771.0
1334.0    766.0
1322.0    781.0
1419.0    664.0
1472.0    518.0
1490.0    498.0
1471.0    519.0
1494.0    478.0
1482.0    500.0
1474.0    509.0
1475.0    506.0
1477.0    504.0
1478.0    501.0
1473.0    517.0
874.0    1229.0
830.0    1268.0
802.0    1290.0
801.0    1292.0
860.0    1242.0
1059.0    1099.0
838.0    1264.0
859.0    1245.0
831.0    1267.0
758.0    1331.0
779.0    1312.0
792.0    1299.0
763.0    1323.0
743.0    1345.0
722.0    1360.0
753.0    1333.0
732.0    1348.0
790.0    1301.0
828.0    1270.0
821.0    1277.0
849.0    1251.0
825.0    1274.0
804.0    1289.0
827.0    1273.0
799.0    1295.0
774.0    1314.0
772.0    1322.0
751.0    1337.0
686.0    1386.0
744.0    1344.0
527.0    1467.0
783.0    1307.0
785.0    1306.0
718.0    1363.0
683.0    1390.0
697.0    1378.0
626.0    1427.0
475.0    1494.0
676.0    1397.0
690.0    1385.0
655.0    1412.0
598.0    1449.0
642.0    1415.0
730.0    1355.0
709.0    1370.0
704.0    1371.0
529.0    1462.0
521.0    1474.0
508.0    1477.0
503.0    1478.0
702.0    1377.0
471.0    1504.0
457.0    1510.0
458.0    1507.0
619.0    1430.0
542.0    1450.0
499.0    1481.0
745.0    1341.0
724.0    1356.0
747.0    1340.0
788.0    1305.0
661.0    1404.0
719.0    1362.0
760.0    1327.0
627.0    1426.0
631.0    1422.0
694.0    1381.0
616.0    1433.0
736.0    1347.0
536.0    1457.0
493.0    1488.0
537.0    1454.0
480.0    1491.0
666.0    1403.0
914.0    1194.0
882.0    1222.0
868.0    1234.0
880.0    1226.0
906.0    1199.0
901.0    1204.0
898.0    1208.0
897.0    1211.0
869.0    1233.0
842.0    1260.0
814.0    1282.0
905.0    1200.0
800.0    1293.0
870.0    1232.0
848.0    1254.0
887.0    1217.0
832.0    1266.0
890.0    1214.0
865.0    1235.0
782.0    1310.0
494.0    1487.0
538.0    1453.0
495.0    1484.0
481.0    1490.0
1335.0    764.0
886.0    1218.0
885.0    1221.0
864.0    1236.0
1243.0    914.0
1206.0    955.0
1140.0    1020.0
1134.0    1028.0
1115.0    1050.0
1146.0    1015.0
1180.0    987.0
1062.0    1098.0
1136.0    1026.0
1153.0    1010.0
1114.0    1052.0
1070.0    1091.0
1118.0    1042.0
1092.0    1074.0
1025.0    1125.0
1004.0    1145.0
1048.0    1113.0
1032.0    1120.0
993.0    1162.0
1095.0    1064.0
1303.0    839.0
1195.0    968.0
1263.0    892.0
1284.0    867.0
1266.0    880.0
1270.0    877.0
1291.0    852.0
1260.0    905.0
1247.0    908.0
1216.0    944.0
1244.0    912.0
1233.0    928.0
1194.0    970.0
1125.0    1039.0
1234.0    920.0
1221.0    940.0
1190.0    976.0
1072.0    1087.0
1163.0    999.0
1124.0    1041.0
1172.0    992.0
1128.0    1031.0
1102.0    1063.0
1031.0    1123.0
1021.0    1132.0
1012.0    1141.0
968.0    1180.0
1022.0    1130.0
854.0    1246.0
875.0    1227.0
798.0    1298.0
777.0    1313.0
1082.0    1080.0
1049.0    1103.0
1038.0    1119.0
983.0    1168.0
961.0    1190.0
1002.0    1147.0
999.0    1151.0
908.0    1198.0
1315.0    790.0
1327.0    773.0
1336.0    763.0
1368.0    730.0
1422.0    660.0
1405.0    680.0
1362.0    738.0
1352.0    748.0
1375.0    715.0
1369.0    723.0
1356.0    743.0
1325.0    779.0
1392.0    696.0
1309.0    797.0
1399.0    687.0
1454.0    612.0
1469.0    589.0
1380.0    713.0
1435.0    640.0
1374.0    721.0
1337.0    762.0
902.0    1202.0
1215.0    945.0
1145.0    1016.0
1139.0    1021.0
1108.0    1057.0
1302.0    847.0
1275.0    870.0
1232.0    936.0
1205.0    958.0
1162.0    1007.0
1028.0    1124.0
891.0    1212.0
1410.0    676.0
816.0    1279.0
476.0    1493.0
1005.0    1144.0
